1 13 6 4 0 81 44 1024 1018 3 1 0 0010
1 15 8 9 7 93 63 1020 1016 8 3 2 1000
1 14 7 7 6 93 59 1017 1014 10 4 3 0100
1 15 5 7 5 100 51 1019 1015 10 0 2 0100
1 16 4 7 4 100 45 1020 1016 7 1 3 0100
1 16 6 7 -2 93 29 1021 1017 8 1 3 0100
1 16 3 7 1 100 36 1024 1020 8 0 3 0100
1 16 3 6 0 100 34 1024 1020 4 1 2 0010
1 15 5 6 1 100 39 1022 1019 8 1 3 0100
1 15 4 7 3 100 48 1022 1018 10 0 2 0100
1 15 2 5 2 100 42 1021 1017 8 0 5 0100
1 14 2 6 0 100 38 1020 1014 7 0 3 1000
1 14 2 4 -1 100 41 1020 1016 10 2 3 1000
1 16 6 4 -5 76 23 1019 1013 10 1 6 0100
1 16 0 5 0 100 34 1017 1012 10 0 3 0100
1 13 2 6 1 100 54 1017 1012 4 0 2 0100
1 16 4 5 -2 100 29 1014 1010 10 1 6 1000
1 16 1 2 -3 93 29 1015 1010 10 2 5 0100
1 17 2 3 -5 93 24 1017 1013 10 1 3 1000
1 15 3 5 2 93 42 1017 1013 6 1 5 0100
1 16 2 5 -4 100 25 1016 1012 8 1 5 0100
1 17 3 3 -2 93 27 1018 1015 8 1 3 1000
1 16 6 4 -1 87 34 1018 1014 8 3 5 0100
1 17 4 6 -1 87 30 1017 1013 8 1 3 0100
1 18 5 5 -2 93 26 1017 1013 8 1 3 0100
1 18 3 8 -7 100 18 1018 1013 10 0 6 1000
1 17 3 5 1 93 34 1017 1014 8 1 5 0100
1 17 2 5 -2 100 27 1019 1014 8 1 5 0100
1 17 2 4 -4 93 25 1019 1016 10 1 5 0100
1 17 1 3 -5 100 22 1021 1017 10 1 5 0100
1 18 3 4 -2 87 27 1022 1017 8 1 5 0100
1 17 3 4 -2 93 27 1020 1016 10 1 5 0100
1 17 2 3 -4 93 24 1022 1018 8 1 5 1000
1 18 3 4 0 93 30 1022 1016 8 1 3 1000
1 19 13 6 0 58 30 1020 1016 7 3 8 1000
1 21 6 6 -5 93 17 1020 1016 10 1 6 1000
1 22 5 5 -9 93 12 1019 1015 10 1 8 1000
1 23 4 3 -14 87 8 1018 1015 10 3 5 0010
1 12 10 11 9 100 82 1016 1013 8 3 8 0100
1 16 6 8 5 100 48 1016 1013 10 0 5 0100
1 18 3 7 -2 100 27 1017 1013 10 0 3 0100
1 17 4 6 0 100 32 1018 1015 10 0 6 0100
1 17 4 5 -1 93 30 1019 1015 10 1 3 0100
1 17 3 6 2 100 39 1020 1018 7 0 3 1000
1 20 4 6 1 93 30 1020 1016 10 1 3 1000
1 18 8 7 0 87 30 1019 1015 8 1 3 0100
1 18 5 6 -8 93 19 1019 1016 10 1 5 1000
1 19 7 5 1 87 30 1020 1016 10 1 6 1000
1 21 6 5 -10 93 12 1018 1014 10 3 5 1000
1 21 5 8 -3 87 21 1017 1012 10 4 3 0100
1 21 6 9 5 100 40 1015 1011 7 1 6 0100
1 20 10 9 5 87 37 1015 1012 7 1 5 0100
1 23 6 10 -3 100 18 1015 1012 10 0 8 1000
1 24 7 7 -7 87 12 1016 1011 10 1 6 0100
1 24 5 3 -12 81 8 1016 1012 10 5 5 1000
1 24 6 3 -13 76 8 1015 1011 10 3 10 1000
1 24 6 2 -11 76 9 1015 1007 10 3 6 1000
1 23 6 8 1 81 25 1013 1009 8 3 8 0100
1 23 7 8 -1 93 22 1011 1006 10 1 6 1000
1 20 8 7 -2 93 23 1010 1007 8 2 8 1000
1 20 6 5 -3 93 21 1013 1009 10 2 8 1000
1 20 5 4 -2 87 23 1012 1007 10 2 8 1000
1 20 5 4 -5 87 21 1010 1007 10 4 8 1000
1 22 6 6 -1 87 24 1013 1010 8 1 5 0100
1 21 8 9 6 87 38 1015 1010 7 1 5 1000
1 23 8 9 -3 93 18 1013 1009 10 1 10 1000
1 23 10 6 -2 71 19 1010 1007 10 3 8 1000
1 23 8 6 -8 81 12 1011 1008 10 3 5 1000
1 20 6 3 -8 81 15 1015 1010 10 2 6 1000
1 21 6 1 -12 70 12 1018 1014 10 6 10 1000
1 23 3 0 -14 75 8 1020 1016 10 3 5 1000
1 23 3 1 -13 75 8 1022 1018 10 4 6 0010
1 20 12 6 -1 67 24 1021 1017 10 6 13 1000
1 21 7 7 5 93 35 1019 1014 10 1 6 1000
1 21 7 6 -3 93 20 1015 1013 10 4 16 1000
1 22 6 6 2 93 27 1017 1013 10 2 6 0010
1 21 8 8 4 87 33 1018 1013 8 2 6 1000
1 21 9 9 6 93 38 1019 1015 7 2 3 1000
1 23 10 10 7 88 36 1020 1015 7 1 3 0100
1 26 10 10 7 94 30 1018 1014 7 1 5 0100
1 27 11 11 -5 88 12 1016 1012 10 1 8 1000
1 28 11 8 -4 82 12 1015 1011 10 3 5 1000
1 27 11 9 2 82 21 1015 1012 7 2 5 1000
1 24 12 10 8 82 36 1019 1014 5 1 6 1000
1 32 14 11 8 77 24 1018 1015 5 3 6 1000
1 26 13 11 8 82 34 1019 1015 5 1 8 1000
1 27 13 11 0 82 17 1019 1015 7 1 5 1000
1 29 13 10 -8 82 9 1020 1016 8 3 6 1000
1 28 11 8 1 76 20 1017 1012 8 1 5 0010
1 26 12 9 2 82 21 1016 1012 6 2 6 0001
1 26 12 9 5 82 26 1022 1017 7 1 5 1000
1 28 12 11 6 88 25 1022 1016 5 1 5 0100
1 27 15 12 8 82 30 1022 1017 5 1 5 0010
1 25 15 14 8 88 34 1023 1019 4 1 5 1000
1 25 14 13 12 94 44 1021 1015 6 2 6 0010
1 26 14 14 5 88 26 1018 1012 8 3 6 1000
1 23 11 12 7 94 36 1017 1012 10 6 3 1000
1 24 13 12 7 88 34 1015 1011 10 3 6 0010
1 24 14 13 10 88 44 1014 1009 10 3 5 0010
1 23 13 16 11 93 47 1016 1012 8 3 6 0010
1 21 12 14 11 98 53 1016 1012 8 5 3 0001
1 23 14 16 11 100 47 1017 1012 11 6 5 1000
1 26 15 14 5 94 28 1014 1009 10 4 8 1000
1 29 11 14 8 88 34 1015 1011 10 3 5 1000
1 28 14 13 3 93 23 1018 1014 10 8 6 0010
1 23 12 13 7 85 40 1019 1014 14 3 6 1000
1 25 12 11 3 82 24 1015 1010 10 0 6 1000
1 28 12 16 1 86 17 1013 1009 10 5 5 1000
1 29 12 12 3 100 20 1012 1009 10 3 5 1000
1 28 14 12 5 77 24 1013 1010 10 4 5 1000
1 28 14 17 7 82 28 1015 1011 8 3 5 1000
1 28 17 16 12 90 37 1016 1011 11 2 11 1000
1 28 15 16 5 89 26 1011 1007 10 3 3 1000
1 28 14 9 0 72 16 1011 1009 10 3 8 1000
1 32 13 12 -2 77 12 1014 1010 11 3 6 1000
1 29 13 9 -1 75 14 1016 1012 10 3 8 1000
1 29 14 12 2 67 19 1017 1011 10 5 5 1000
1 28 8 10 2 76 19 1014 1009 8 4 6 0010
1 28 14 11 2 67 20 1011 1007 10 3 5 1000
1 29 11 9 -4 84 12 1011 1009 10 3 8 1000
1 28 13 9 -7 67 10 1012 1008 10 3 6 1000
1 28 12 8 -6 70 10 1013 1008 8 4 6 1000
1 27 10 14 -1 80 17 1015 1011 10 3 5 1000
1 28 12 12 -2 83 16 1013 1010 10 3 8 0001
1 26 10 10 2 89 24 1013 1011 10 6 5 0010
1 26 15 11 4 66 31 1017 1013 11 8 10 0001
1 27 11 12 4 90 24 1016 1012 10 4 3 1000
1 29 13 13 1 84 16 1015 1011 10 3 3 1000
1 28 16 13 9 77 30 1015 1012 7 3 6 0010
1 28 16 16 12 96 37 1017 1014 7 4 3 0100
1 27 16 19 13 97 42 1018 1015 8 1 5 1000
1 28 14 17 10 94 32 1016 1011 11 3 32 1000
1 29 16 18 12 91 39 1013 1008 10 4 8 1000
1 29 16 16 8 92 27 1012 1008 10 2 8 1000
1 31 17 19 -2 88 12 1011 1009 10 3 8 1000
1 31 16 17 -1 80 13 1013 1009 10 3 5 1000
1 30 16 21 4 86 20 1011 1007 10 2 6 1000
1 30 16 18 7 79 23 1010 1008 8 5 6 1000
1 33 19 24 16 77 60 1016 1011 8 6 8 1000
1 28 17 20 15 88 53 1013 1008 10 3 2 1000
1 32 16 19 14 88 39 1012 1008 11 6 0 1000
1 33 17 18 15 85 38 1011 1009 10 6 3 1000
1 31 19 18 7 53 22 1009 1008 10 6 13 1000
1 33 17 18 4 87 17 1011 1007 8 4 6 1000
1 32 17 18 1 77 15 1009 1005 8 3 5 1000
1 31 19 19 12 87 35 1010 1007 8 3 6 0010
1 28 21 20 16 88 48 1012 1009 8 4 6 1000
1 29 21 20 18 94 51 1011 1008 8 3 6 1000
1 31 21 20 11 91 33 1011 1007 8 3 6 1000
1 31 19 19 12 81 31 1013 1009 8 4 5 1000
1 31 21 19 15 85 38 1011 1005 8 3 6 1000
1 32 21 22 15 81 42 1009 1006 8 5 3 0010
1 31 21 21 16 96 43 1009 1006 8 3 5 1000
1 29 18 22 16 97 50 1008 1003 8 6 5 1000
1 31 18 19 10 90 29 1005 1002 10 3 6 1000
1 31 17 18 8 100 24 1007 1004 10 3 6 0001
1 32 17 19 8 74 22 1009 1004 10 6 6 1000
1 31 17 18 9 84 25 1008 1005 10 5 6 1000
1 31 19 17 11 82 29 1009 1006 10 4 8 1000
1 34 21 19 12 81 33 1009 1005 10 6 8 1000
1 32 21 20 12 88 31 1008 1005 10 3 6 1000
1 31 20 18 12 83 35 1007 1003 10 6 6 1000
1 32 19 18 8 84 24 1008 1004 8 7 6 1000
1 32 21 17 13 77 33 1009 1006 10 6 6 0010
1 35 23 19 11 78 27 1010 1007 10 6 8 1000
1 30 20 20 15 94 40 1010 1006 10 3 6 1000
1 31 23 21 14 78 35 1007 1004 8 6 6 1000
1 34 22 20 13 77 35 1005 1002 8 4 6 0010
1 28 22 20 18 88 54 1006 1004 7 3 8 0010
1 28 20 22 18 94 58 1008 1006 10 6 6 0010
1 29 21 22 18 88 54 1007 1002 10 6 3 0010
1 29 22 22 17 88 48 1005 1002 10 6 6 0010
1 28 21 22 19 91 62 1006 1004 10 6 5 0010
1 27 22 21 19 92 61 1009 1007 10 6 3 0010
1 24 21 22 19 96 73 1007 1004 8 6 5 0010
1 24 20 20 19 100 73 1004 1002 10 4 2 1000
1 28 21 22 19 94 58 1004 1002 7 3 5 0010
1 29 22 21 17 92 48 1004 1002 8 6 8 1000
1 29 20 19 17 97 48 1006 1005 7 5 3 0010
1 28 21 19 16 88 48 1009 1005 8 3 5 0010
1 28 21 21 18 94 54 1009 1005 8 6 5 0010
1 31 21 22 18 88 51 1008 1004 8 5 3 0010
1 30 23 21 18 82 50 1009 1006 10 6 3 0010
1 30 21 21 18 94 47 1010 1006 10 3 3 0010
1 29 21 21 19 94 61 1008 1005 10 6 3 0010
1 26 21 21 19 96 65 1006 1004 10 5 5 0010
1 27 21 22 20 94 65 1007 1004 10 3 3 0010
1 25 20 20 18 98 65 1007 1005 10 4 5 0010
1 27 20 20 19 98 61 1007 1003 10 6 5 0010
1 30 20 22 18 100 54 1007 1005 10 6 6 1000
1 29 21 22 19 94 58 1009 1006 10 8 3 1000
1 28 20 22 18 97 58 1012 1009 11 6 6 0010
1 29 22 22 19 91 65 1012 1008 10 6 5 0010
1 27 21 22 18 91 61 1011 1007 10 6 3 0010
1 26 22 21 19 93 69 1010 1007 10 5 5 0010
1 28 20 22 19 94 61 1008 1004 10 6 3 0010
1 27 21 21 19 94 65 1008 1006 10 6 6 0010
1 26 21 22 19 96 69 1011 1008 10 6 3 0010
1 28 21 22 19 96 58 1010 1005 10 3 5 0010
1 27 21 22 19 94 61 1008 1003 8 3 3 0010
1 23 21 22 20 96 83 1007 1004 8 3 5 0010
1 27 21 22 19 95 63 1009 1006 10 5 2 0010
1 28 21 21 19 96 58 1011 1008 10 6 3 0010
1 27 21 23 19 96 61 1009 1006 10 6 5 0010
1 27 21 21 18 97 58 1007 1003 10 6 3 0010
1 26 21 23 20 96 69 1006 1004 10 4 2 0010
1 28 21 23 19 100 65 1009 1006 10 6 5 0010
1 28 20 22 19 94 61 1009 1005 10 6 3 0010
1 29 21 22 19 97 64 1007 1004 10 6 5 0010
1 28 21 22 19 94 62 1007 1004 11 6 3 0010
1 29 21 23 19 96 61 1009 1006 10 6 3 0010
1 27 21 22 19 100 61 1009 1005 10 4 3 0010
1 27 22 21 19 92 65 1007 1006 10 6 3 1000
1 22 21 21 21 96 94 1007 1006 8 6 0 0010
1 27 21 21 19 97 61 1009 1006 18 6 5 0010
1 23 21 21 20 93 88 1009 1009 10 8 6 1000
1 28 22 22 21 89 63 1009 1009 11 6 0 0010
1 29 20 22 19 96 58 1008 1007 10 1 5 1000
1 28 22 20 19 89 58 1010 1008 10 6 3 1000
1 29 21 22 18 97 61 1011 1008 10 6 6 0010
1 29 21 21 18 95 61 1011 1009 10 6 6 0010
1 24 20 21 17 94 69 1012 1007 11 6 2 0001
1 31 19 21 18 96 55 1009 1007 10 6 3 0010
1 31 20 24 19 96 58 1012 1010 10 6 5 0010
1 29 19 22 18 96 61 1012 1008 11 6 3 1000
1 30 19 22 18 94 54 1012 1007 11 6 5 1000
1 31 21 23 18 96 54 1011 1007 11 6 5 0010
1 29 21 22 19 96 54 1012 1008 10 1 5 0010
1 31 22 22 18 88 51 1011 1008 11 6 3 0010
1 31 21 23 19 98 51 1013 1007 10 4 3 0010
1 30 21 23 19 96 55 1012 1008 11 3 6 0010
1 31 22 23 19 96 57 1011 1008 10 6 6 0010
1 27 21 21 19 94 69 1012 1009 10 6 2 0010
1 28 20 20 16 97 54 1012 1009 10 5 5 0010
1 26 20 22 19 98 65 1014 1011 11 6 3 0010
1 29 19 21 18 99 57 1014 1011 10 6 5 0010
1 29 19 23 18 98 61 1012 1010 10 6 3 0010
1 30 20 23 17 98 58 1015 1010 10 6 5 1000
1 31 21 23 17 92 61 1014 1009 11 6 3 0001
1 30 20 22 18 94 50 1012 1009 10 6 3 1000
1 31 19 22 18 95 54 1013 1010 11 6 5 1000
1 29 21 23 19 95 61 1015 1011 10 6 3 0010
1 30 20 22 16 94 48 1015 1010 10 6 5 0010
1 29 21 23 18 95 58 1013 1009 10 0 3 0010
1 29 21 21 19 96 61 1012 1009 10 4 3 0010
1 28 19 21 17 95 54 1015 1010 10 6 2 0010
1 29 18 22 17 97 51 1013 1009 10 5 3 0010
1 30 20 21 18 94 62 1014 1014 11 6 3 0010
1 31 19 21 18 100 58 1012 1012 10 6 8 1000
1 29 19 22 16 93 48 1018 1013 11 6 5 1000
1 30 19 22 18 96 51 1018 1013 11 0 2 0010
1 32 19 24 18 98 51 1015 1012 11 3 3 0010
1 30 20 21 17 98 51 1016 1012 11 6 3 0010
1 28 20 21 18 97 58 1016 1011 10 5 3 0010
1 29 19 22 18 98 57 1014 1010 10 5 3 0010
1 29 20 21 18 100 58 1013 1009 10 3 5 0010
1 28 0 22 19 95 61 1013 1009 19 3 42 0010
1 27 19 22 18 98 61 1011 1007 10 5 5 0010
1 26 20 20 19 94 69 1010 1006 10 0 47 0010
1 24 20 22 17 99 65 1011 1009 10 6 10 0010
1 20 19 19 18 100 88 1016 1014 6 3 5 0010
1 24 19 19 17 96 71 1017 1013 10 5 3 1000
1 27 18 21 17 94 57 1015 1011 10 2 5 1000
1 30 18 21 17 97 54 1014 1011 11 3 5 1000
1 30 19 21 18 95 61 1014 1011 10 6 3 1000
1 29 18 21 17 97 54 1016 1011 11 6 3 1000
1 31 18 21 17 99 51 1014 1010 11 6 3 1000
1 29 19 20 16 93 51 1013 1009 10 6 5 0010
1 31 17 22 16 94 48 1014 1012 8 4 5 1000
1 29 17 22 16 100 51 1019 1015 8 5 3 0001
1 30 18 21 16 99 48 1020 1016 10 3 3 1000
1 31 19 21 16 95 48 1019 1015 10 4 5 1000
1 31 18 20 17 92 44 1019 1015 8 5 3 1000
1 30 18 19 15 96 48 1020 1014 11 3 5 1000
1 30 18 21 16 94 51 1018 1015 8 3 3 1000
1 29 18 22 15 96 45 1017 1013 8 3 5 1000
1 29 17 19 16 93 50 1015 1008 8 3 6 1000
1 28 16 20 14 89 47 1012 1004 8 4 5 1000
1 29 17 19 12 88 42 1013 1011 18 4 5 1000
1 28 16 19 13 97 44 1018 1015 8 3 5 1000
1 29 16 19 13 88 44 1020 1016 11 4 5 1000
1 29 16 17 13 97 44 1020 1016 10 3 3 0010
1 26 15 18 14 97 57 1018 1014 8 4 3 1000
1 27 16 17 14 96 50 1019 1015 11 4 5 1000
1 28 16 19 14 97 56 1018 1013 11 3 5 0100
1 29 13 17 9 100 36 1017 1014 10 0 3 1000
1 23 13 14 11 97 47 1019 1015 10 5 3 1000
1 25 13 18 10 94 41 1019 1016 10 4 5 1000
1 26 12 15 8 95 36 1022 1018 11 4 3 1000
1 26 14 17 10 88 39 1023 1019 10 2 5 1000
1 26 12 16 11 95 47 1023 1018 10 3 3 1000
1 25 12 14 7 94 32 1023 1018 10 3 2 1000
1 27 12 15 12 99 41 1023 1018 11 3 0 1000
1 26 12 14 9 94 41 1023 1020 10 3 5 1000
1 26 12 16 8 96 36 1023 1019 18 3 3 1000
1 27 12 18 8 95 34 1023 1019 10 4 3 1000
1 26 12 14 5 90 29 1022 1016 10 4 3 1000
1 26 11 15 11 99 46 1019 1016 11 5 2 1000
1 24 9 12 2 92 25 1018 1014 11 6 3 1000
1 23 8 10 6 93 33 1021 1016 10 6 3 1000
1 24 10 12 7 94 38 1021 1017 11 5 5 1000
1 26 8 11 4 97 29 1022 1018 11 6 3 1000
1 26 8 12 2 96 24 1022 1017 11 5 2 1000
1 27 8 13 3 96 24 1022 1017 11 8 3 1000
1 25 8 14 2 99 22 1022 1018 10 6 3 1000
1 26 9 21 -3 94 17 1022 1016 10 6 3 1000
1 23 8 8 -4 87 16 1021 1015 10 6 3 1000
1 23 7 11 3 98 27 1020 1015 10 6 3 1000
1 23 8 12 6 100 35 1020 1015 10 5 3 1000
1 22 10 11 3 95 29 1021 1016 10 3 2 1000
1 24 9 11 5 94 32 1020 1018 10 5 2 1000
1 22 9 12 6 91 35 1019 1015 10 5 52 1000
1 21 7 20 6 100 38 1016 1012 8 3 3 1000
1 22 7 14 -1 98 24 1016 1013 8 6 5 1000
1 21 9 12 5 94 37 1022 1018 7 1 2 1000
1 22 8 12 3 87 31 1021 1016 26 1 2 0010
1 21 8 11 2 93 30 1022 1018 8 2 5 1000
1 22 6 10 3 99 31 1023 1018 10 4 3 1000
1 23 7 11 1 87 27 1020 1016 10 6 3 1000
1 22 5 11 2 98 27 1021 1017 10 6 3 1000
1 23 7 12 3 89 27 1024 1020 10 6 2 1000
1 24 8 10 -4 87 15 1023 1017 8 6 3 1000
1 23 6 9 -1 100 20 1021 1016 10 5 2 1000
1 22 7 11 3 97 29 1020 1017 10 6 3 1000
1 22 7 11 -1 88 23 1021 1017 10 4 3 1000
1 22 7 9 -1 91 23 1021 1017 11 0 3 1000
1 22 5 11 1 96 27 1019 1015 19 0 2 1000
1 21 7 19 5 94 37 1020 1015 8 3 3 1000
1 20 9 9 5 87 36 1019 1014 10 2 3 0100
1 20 6 10 1 95 30 1018 1014 10 1 3 1000
1 19 5 10 1 100 30 1020 1015 8 2 3 0100
1 19 5 10 3 100 35 1020 1014 8 1 3 0100
1 19 6 11 4 96 42 1020 1015 8 1 3 1000
1 19 5 10 3 98 35 1018 1014 8 0 5 1000
1 20 5 9 1 98 30 1018 1013 10 2 3 1000
1 19 4 7 1 97 30 1020 1015 10 4 3 1000
1 19 4 9 3 94 40 1022 1018 8 3 2 0100
1 20 4 10 3 98 35 1021 1017 10 1 2 1000
1 21 3 9 -1 96 22 1019 1015 11 2 2 1000
1 20 3 9 2 100 30 1019 1016 8 3 2 0100
1 19 5 11 4 100 43 1020 1015 8 0 2 1000
1 21 9 11 5 93 37 1018 1015 7 1 2 1000
1 19 10 9 7 88 46 1018 1013 6 1 3 1000
1 19 9 11 6 93 43 1018 1013 5 2 2 1000
1 19 8 11 7 95 46 1019 1015 6 1 2 0100
1 19 6 11 -1 100 26 1019 1010 8 0 3 1000
1 18 3 8 -1 97 28 1019 1015 10 3 3 1000
1 18 5 8 -9 94 15 1020 1016 10 2 3 1000
1 19 5 9 0 87 30 1024 1020 10 2 5 1000
1 19 4 7 -2 99 26 1024 1020 10 3 2 1000
1 19 2 7 1 96 32 1023 1018 10 3 2 1000
1 21 3 9 1 93 28 1020 1015 10 3 2 1000
1 19 4 9 3 94 35 1021 1016 7 2 3 0100
1 18 6 9 3 100 45 1018 1013 7 1 2 1000
1 19 6 8 1 97 30 1016 1012 8 2 3 1000
1 16 3 8 2 100 34 1019 1014 7 1 2 1000
1 17 5 7 2 90 39 1020 1015 7 1 3 0100
1 19 3 8 -3 96 30 1024 1019 7 0 0 1000
1 19 2 6 -8 95 15 1021 1016 10 3 3 1000
1 18 2 7 -6 97 19 1018 1013 10 3 2 1000
1 17 2 6 -1 93 31 1019 1015 10 3 2 1000
1 17 1 7 -1 98 31 1020 1015 8 0 2 1000
1 18 3 6 -4 100 24 1018 1013 10 2 2 1000
1 18 3 9 -2 93 29 1018 1013 10 3 3 1000
1 18 2 7 1 98 34 1018 1013 10 3 2 1000
1 18 3 7 2 93 34 1020 1015 10 3 2 1000
1 19 3 8 -2 93 26 1019 1015 10 3 2 1000
1 18 3 7 -1 93 30 1020 1016 8 2 3 1000
1 17 2 7 0 96 34 1019 1014 8 1 3 0100
1 18 1 5 -5 93 22 1017 1013 8 1 2 1000
1 17 1 4 -8 93 19 1018 1014 8 1 3 1000
1 14 3 3 -11 81 17 1018 1013 10 1 3 1000
1 16 0 4 -9 100 17 1017 1012 8 1 3 1000
1 14 -1 -1 -9 81 21 1018 1013 8 1 2 0100
1 15 0 11 -4 87 29 1017 1013 7 1 3 0100
1 16 0 2 -4 87 29 1018 1014 7 1 2 0100
1 18 1 4 -4 94 24 1021 1017 8 1 5 1000
1 17 2 2 -3 93 26 1018 1014 8 2 2 0100
1 17 1 6 0 97 32 1019 1015 7 1 2 0100
1 18 2 6 0 98 34 1022 1017 5 1 2 0100
1 21 1 9 -1 100 26 1024 1019 10 0 3 1000
1 22 2 7 -2 94 21 1024 1019 10 1 3 0010 
1 18 5 11 3 82 40 1025 1020 6 2 3 0100
1 19 7 11 3 99 39 1023 1018 10 1 2 0100
1 19 3 9 -3 100 26 1021 1017 19 0 3 0100
1 19 2 6 -6 93 19 1023 1019 10 0 2 1000
1 18 1 5 -5 97 23 1024 1019 10 3 3 0100
1 19 1 8 -6 100 19 1023 1019 11 0 3 1000
1 19 2 7 -9 98 15 1022 1018 11 1 3 1000
1 18 1 6 -8 97 18 1021 1017 10 2 3 1000
1 19 1 4 -7 77 18 1021 1017 10 3 3 1000
1 19 2 4 -5 97 22 1021 1017 11 2 3 0100
1 20 2 7 -2 85 24 1022 1018 8 1 3 1000
1 21 5 6 -1 98 26 1019 1016 10 2 2 1000
1 21 8 7 0 87 30 1022 1019 10 4 5 1000
1 19 6 9 1 95 32 1023 1019 10 1 2 1000
1 25 6 7 2 87 32 1023 1019 10 2 3 1000
1 23 7 8 1 99 33 1022 1018 7 2 3 1000
1 16 8 6 -2 80 25 1021 1018 10 3 6 1000
1 18 5 8 2 87 34 1023 1020 6 1 3 0010
1 14 9 11 7 87 72 1028 1016 7 1 2 0100 
1 17 8 11 7 95 59 1025 1020 8 0 3 0100
1 23 9 12 -5 100 16 1021 1016 14 0 3 1000
1 23 5 9 -10 93 12 1019 1014 10 1 3 1000
1 24 5 11 -12 93 10 1021 1016 11 0 3 1000
1 24 6 11 -6 87 17 1022 1017 11 2 3 1000
1 26 5 8 -4 93 17 1021 1016 10 3 3 1000
1 23 4 7 -4 81 20 1022 1017 11 3 2 1000
1 23 4 11 -7 90 14 1020 1015 10 2 3 1000
1 27 9 8 -9 66 11 1019 1014 10 3 3 0010
1 19 7 7 -4 81 21 1021 1016 7 3 2 0010
1 18 8 10 6 95 43 1019 1015 8 3 10 0010 
1 22 5 11 5 98 46 1016 1011 10 4 5 1000
1 20 3 8 2 98 39 1017 1013 10 2 3 0100
1 23 5 11 3 94 37 1019 1015 10 0 3 0100 
1 24 8 9 1 93 30 1020 1016 10 1 3 0100
1 24 6 9 1 100 28 1021 1017 11 1 3 1000
1 26 7 11 1 96 25 1024 1019 26 1 6 1000
1 25 8 10 1 98 25 1024 1019 10 1 3 0010
1 19 9 11 5 87 45 1024 1020 8 3 5 1000
1 26 6 9 2 87 27 1022 1018 10 1 3 1000
1 28 8 11 1 89 22 1023 1018 11 2 3 1000
1 28 8 8 -14 87 6 1021 1017 10 3 5 1000
1 29 7 11 -8 94 11 1019 1014 11 3 5 1000
1 26 7 9 -4 79 14 1018 1014 8 0 3 1000
1 27 8 12 6 93 32 1021 1017 8 0 5 1000
1 27 10 14 7 96 32 1021 1017 6 1 5 1000
1 28 11 14 6 88 31 1022 1018 6 1 3 0100
1 28 13 16 4 90 29 1024 1019 6 1 6 1000
1 28 11 14 6 93 31 1023 1018 8 3 8 0100 
1 24 10 13 1 100 23 1023 1019 8 1 3 0100
1 27 10 13 2 95 25 1023 1018 8 0 5 0100
1 26 11 13 8 94 36 1019 1014 7 1 3 0010 
1 26 12 11 6 89 32 1019 1013 7 1 8 1000
1 26 9 9 0 87 22 1019 1015 10 1 3 1000
1 28 9 14 4 87 31 1018 1014 8 3 5 1000
1 25 11 16 7 88 36 1020 1015 7 2 6 1000
1 25 11 16 8 95 34 1021 1017 7 1 5 1000
1 30 11 11 -6 93 12 1022 1018 11 1 5 1000
1 25 11 8 0 77 19 1024 1019 10 3 5 1000
1 21 11 9 1 67 27 1021 1015 8 2 3 1000
1 23 8 9 1 88 27 1014 1009 8 1 5 1000
1 27 9 14 5 90 31 1016 1012 7 1 6 0100
1 23 11 12 8 92 41 1018 1014 7 1 6 0100 
1 24 9 14 5 100 43 1017 1013 6 1 3 1000
1 27 7 13 6 97 33 1014 1010 8 5 6 1000
1 28 12 14 8 91 36 1018 1014 10 1 5 1000
1 29 10 12 -1 100 18 1019 1014 11 2 8 1000
1 31 10 11 -3 83 15 1015 1010 10 2 3 1000
1 30 10 10 -5 79 13 1013 1009 10 3 6 1000
1 30 11 14 4 99 24 1016 1011 7 2 3 1000
1 27 13 14 3 86 24 1018 1013 10 1 5 1000
1 31 12 12 -2 77 16 1015 1012 10 4 5 1000
1 31 13 13 3 88 24 1015 1010 10 0 6 1000
1 29 11 13 3 84 25 1016 1011 8 3 6 1000
1 29 10 10 3 86 24 1017 1014 8 3 3 1000
1 28 11 16 5 94 26 1019 1014 7 1 6 1000
1 31 11 14 -2 86 15 1018 1012 10 3 6 1000
1 28 11 9 -3 71 15 1012 1007 10 5 6 1000
1 27 11 9 -1 77 16 1010 1006 8 3 5 1000
1 29 9 9 1 67 20 1012 1008 6 2 6 1000
1 27 11 11 2 80 21 1013 1009 4 1 5 1000
1 30 12 13 5 80 26 1015 1011 6 1 3 1000
1 28 13 15 5 77 23 1016 1012 5 1 5 1000
1 30 14 13 1 82 15 1016 1011 8 1 6 1000
1 30 13 13 -4 87 11 1016 1011 11 3 6 1000
1 33 13 12 -3 64 12 1017 1013 10 3 3 1000
1 33 13 11 -2 68 12 1017 1013 6 2 3 1000
1 31 14 16 -3 69 14 1019 1012 6 3 6 1000
1 29 10 12 1 100 18 1013 1008 7 2 8 1000
1 30 12 13 6 88 28 1012 1006 6 3 6 1000
1 25 12 16 8 98 36 1011 1008 8 3 5 0010 
1 25 12 16 8 89 36 1019 1010 10 5 6 1000
1 27 12 15 7 87 32 1015 1010 10 6 5 0010 
1 22 13 16 10 95 49 1018 1014 8 5 6 0010
1 16 12 12 10 95 68 1020 1014 8 3 3 0010
1 19 13 13 11 94 60 1020 1016 8 3 2 0010 
1 27 13 16 9 93 41 1019 1016 10 4 5 0001
1 24 12 17 11 94 47 1021 1016 8 1 5 1000
1 28 13 18 12 94 53 1020 1015 8 0 5 1000
1 29 15 18 13 92 44 1019 1014 7 2 5 1000
1 32 15 17 10 98 32 1016 1010 8 0 6 1000
1 31 16 17 8 88 30 1012 1010 10 2 3 1000
1 32 17 17 14 92 38 1014 1011 10 3 6 0010
1 32 17 17 10 89 30 1015 1011 10 0 6 1000
1 31 17 16 4 91 19 1012 1008 10 3 8 1000
1 33 16 18 -2 80 14 1009 1005 10 4 6 1000
1 32 13 8 -5 62 11 1010 1006 10 4 8 1000
1 30 12 17 1 70 17 1013 1010 10 2 5 1000
1 28 13 14 4 70 24 1014 1010 6 3 3 1000
1 31 16 17 10 97 34 1014 1009 8 3 5 0010 
1 30 18 19 13 84 44 1013 1009 8 5 8 0010 
1 26 17 18 15 98 51 1012 1008 7 5 6 1000
1 31 18 21 14 92 47 1011 1008 7 2 6 1000
1 33 17 18 11 89 33 1012 1009 8 3 5 0001
1 32 18 18 9 89 27 1012 1007 10 3 8 1000
1 32 15 14 0 93 14 1015 1009 10 6 5 1000
1 27 18 13 6 66 26 1014 1010 10 6 8 0001
1 28 15 15 7 86 26 1013 1008 10 5 6 0010 
1 28 15 17 11 94 38 1012 1008 10 6 5 0010 
1 26 15 16 13 96 44 1011 1007 8 3 3 0010 
1 30 15 19 13 97 42 1013 1010 8 3 5 0010
1 26 17 19 14 88 50 1012 1010 8 3 10 1000
1 31 18 22 13 90 42 1013 1009 7 3 5 0010 
1 25 18 21 17 100 65 1014 1010 7 0 2 0010 
1 29 18 21 16 99 54 1014 1009 8 2 3 0010
1 28 20 21 17 94 65 1013 1009 7 3 3 0010 
1 27 18 21 17 100 54 1012 1008 10 1 5 1000
1 26 21 21 17 90 57 1011 1007 10 4 3 1000
1 31 21 22 18 83 51 1011 1008 11 6 5 0010 
1 27 22 21 17 89 54 1012 1009 11 6 8 0010 
1 29 18 19 13 96 42 1014 1009 10 3 3 0010 
1 30 19 22 17 98 54 1012 1008 10 6 5 1000
1 31 19 22 16 98 48 1012 1009 10 6 5 0010
1 24 18 18 15 100 69 1012 1010 7 1 2 0010
1 23 17 19 16 97 69 1011 1008 10 3 3 0010
1 27 18 18 15 99 57 1014 1011 10 6 6 1000
1 28 18 19 15 94 45 1015 1009 8 3 2 1000
1 30 20 21 16 94 45 1014 1008 8 4 3 1000
1 29 19 21 16 97 45 1014 1009 8 3 3 0010 
1 30 19 22 17 94 48 1014 1009 8 3 3 0010 
1 27 21 21 17 97 57 1013 1008 8 3 5 0010
1 28 20 23 18 100 58 1012 1008 8 1 5 0001
1 29 20 21 17 94 54 1010 1006 10 6 5 0001
1 31 21 24 18 94 54 1009 1005 10 3 5 0010 
1 31 22 23 19 100 51 1011 1003 8 5 6 0010 
1 29 23 23 20 88 58 1013 1008 8 4 5 0010
1 30 19 22 19 96 55 1012 1008 10 3 6 1000
1 30 18 22 16 94 45 1011 1007 14 6 5 0001
1 31 19 20 16 96 45 1011 1007 10 6 5 0010
1 28 20 22 16 92 51 1011 1008 10 6 5 0010 
1 27 19 21 18 100 65 1016 1009 10 3 3 0010 
1 23 20 22 18 100 73 1012 1009 10 2 2 0010 
1 22 19 20 17 100 78 1010 1006 9 3 3 0010
1 27 18 23 17 100 61 1009 1006 10 6 3 0010
1 28 21 22 18 94 54 1009 1004 10 3 5 0010
1 28 21 22 19 95 65 1009 1005 8 1 2 0010
1 28 21 22 18 94 54 1010 1006 10 3 2 0010 
1 29 21 23 19 93 55 1008 1005 10 6 5 0010 
1 28 21 23 19 100 61 1011 1006 10 5 3 1000
1 29 21 23 19 96 55 1010 1008 14 5 5 1000
1 28 22 24 19 87 62 1009 1007 10 6 5 0010 
1 27 21 20 19 97 65 1008 1005 10 6 6 1000
1 29 21 23 19 98 61 1007 1003 10 6 6 0010
1 28 21 21 19 96 69 1006 1004 10 6 6 1000
1 31 21 22 19 97 55 1008 1005 10 7 5 0010
1 29 21 23 19 96 61 1007 1003 10 6 3 0100
1 29 21 21 19 94 65 1007 1006 10 6 3 0010
1 29 19 22 19 96 58 1010 1008 10 8 2 0010
1 29 21 23 20 91 61 1010 1007 8 5 2 1000
1 26 24 22 21 80 70 1009 1006 8 6 2 0010
1 28 22 22 19 84 73 1009 1004 26 5 2 0010
1 26 20 22 20 100 70 1009 1005 8 3 0 0010
1 26 21 22 20 93 74 1011 1007 8 3 2 0010
1 27 21 22 19 92 68 1013 1003 6 3 0 0010
1 25 21 21 20 95 69 1015 1005 8 3 0 0010
1 27 21 22 19 100 65 1012 1008 8 6 5 1000
1 29 21 23 19 95 58 1012 1008 10 6 10 0010
1 29 20 21 18 92 49 1011 1007 10 6 5 0010 
1 29 21 22 19 100 50 1009 1006 10 3 2 0010
1 28 21 23 18 96 61 1010 1008 10 6 3 0010
1 28 21 23 18 94 58 1011 1007 10 6 3 0010
1 28 21 21 18 96 58 1011 1006 10 6 3 0010
1 25 21 22 19 88 69 1008 1004 8 5 3 0010
1 26 21 22 18 96 65 1009 1005 10 6 6 0010 
1 30 21 22 18 88 53 1010 1007 10 6 3 0010
1 30 21 22 18 100 58 1007 1003 10 4 3 0010
1 27 21 22 19 94 61 1010 1005 10 3 5 0010
1 29 20 22 19 94 55 1010 1006 10 3 6 0010 
1 28 20 22 19 99 62 1010 1006 10 3 3 0010
1 28 20 23 18 97 61 1008 1004 9 0 3 0010 
1 31 21 22 17 96 48 1007 1002 10 6 3 0010 
1 29 21 22 19 96 65 1010 1005 10 5 5 0010
1 27 21 23 19 97 65 1010 1007 10 5 2 0010
1 29 22 23 20 94 62 1009 1006 10 6 3 0010 
1 29 21 23 0 95 13 1009 1006 10 4 2 0010
1 29 21 21 18 94 54 1009 1005 14 5 6 0010 
1 29 21 23 18 99 61 1011 1006 10 3 3 0010
1 29 21 22 19 97 61 1013 1009 10 6 3 0010 
1 30 21 22 18 96 51 1015 1009 10 2 2 0010 
1 31 21 23 18 97 51 1013 1007 10 4 3 0010 
1 28 21 22 17 99 61 1014 1009 10 5 10 0010
1 27 19 22 17 92 58 1014 1009 10 0 10 0010
1 28 20 23 18 99 58 1013 1009 10 5 3 0010 
1 28 19 23 18 99 65 1012 1008 10 6 5 1000
1 27 20 21 18 98 62 1012 1009 8 6 6 0010
1 29 21 23 18 92 61 1013 1009 10 6 5 0010
1 29 20 22 18 100 58 1015 1010 10 4 2 0010 
1 28 20 22 18 100 57 1014 1010 10 4 3 0010 
1 28 19 21 18 100 58 1013 1009 10 1 3 0010 
1 29 20 23 17 100 54 1013 1009 10 5 3 0010 
1 28 19 20 17 94 51 1019 1010 10 6 5 0010 
1 30 20 22 18 100 58 1013 1008 10 7 3 0010 
1 28 20 22 18 94 61 1011 1006 10 5 5 0010 
1 30 19 22 18 98 53 1012 1007 10 3 3 0010 
1 29 20 22 18 100 51 1011 1007 10 3 3 0001
1 28 20 22 17 97 51 1010 1005 10 6 2 0010 
1 27 21 22 18 94 61 1011 1006 10 3 3 1000
1 29 20 23 18 98 54 1011 1008 10 6 3 0010 
1 31 20 22 18 95 51 1013 1009 10 6 5 0010 
1 31 22 23 19 90 55 1013 1008 10 6 3 0010
1 31 21 22 18 99 54 1012 1006 10 6 5 0010
1 27 21 21 16 94 54 1012 1006 11 2 8 0010
1 28 20 21 18 95 61 1012 1008 10 5 3 1000
1 28 20 21 18 94 61 1014 1009 10 6 3 0010
1 28 20 22 18 97 64 1014 1012 10 6 5 0010
1 27 20 22 18 94 55 1014 1009 10 3 5 0010
1 27 20 21 18 94 69 1014 1010 10 5 5 0010
1 27 21 22 19 94 65 1014 1010 9 5 3 0010
1 23 21 21 19 96 78 1014 1011 8 6 5 0010
1 25 20 21 18 94 65 1014 1009 8 4 2 0010
1 25 19 21 18 99 61 1012 1007 10 4 3 1000
1 31 19 22 18 95 54 1010 1006 8 5 5 0001
1 29 19 21 16 88 48 1014 1010 10 5 6 1000
1 28 19 23 15 96 51 1017 1012 10 4 3 1000
1 28 19 21 13 98 44 1018 1013 10 6 5 0010 
1 29 17 20 16 100 54 1018 1013 8 0 3 1000
1 31 18 22 16 96 51 1017 1011 10 6 3 0010
1 28 18 21 15 94 54 1017 1013 8 5 3 1000
1 29 20 21 16 88 51 1020 1015 10 3 3 1000
1 30 19 22 14 88 37 1020 1013 10 4 3 0010 
1 31 17 21 12 100 33 1018 1010 11 4 5 0010 
1 30 17 19 12 94 39 1014 1008 10 6 5 1000
1 29 17 19 15 88 48 1014 1009 10 6 5 1000
1 30 18 22 15 94 45 1013 1008 10 5 3 0001
1 31 18 21 15 95 42 1014 1009 10 6 5 0010
1 28 19 21 18 96 58 1014 1010 8 4 3 0100
1 29 19 23 18 94 58 1015 1010 10 0 3 0001
1 30 21 21 17 88 58 1015 1011 10 6 5 0010
1 30 20 21 16 98 48 1014 1009 10 5 3 1000
1 30 20 22 16 95 45 1013 1008 10 5 3 0010 
1 30 19 23 16 98 48 1015 1001 10 6 5 1000
1 28 19 21 17 92 51 1017 1012 10 4 3 1000
1 27 18 18 15 92 48 1017 1012 10 6 3 0001
1 30 19 21 15 94 48 1016 1011 10 5 3 0010 
1 29 17 19 16 98 58 1016 1012 10 6 3 1000
1 27 17 19 14 94 54 1016 1011 10 6 3 0010
1 24 19 21 16 98 65 1016 1012 8 6 5 1000
1 26 18 20 16 94 54 1019 1014 10 7 5 0010
1 25 18 19 13 94 50 1021 1017 10 6 2 0010
1 22 18 19 1 97 16 1021 1016 10 3 2 0010
1 25 18 19 16 94 61 1018 1013 8 4 2 0010
1 21 18 18 15 99 78 1015 1011 8 4 2 0010 
1 26 18 19 15 88 57 1019 1013 10 6 5 0010 
1 28 18 18 16 99 48 1020 1014 10 6 5 1000
1 28 19 20 16 94 51 1021 1017 10 6 3 1000
1 29 18 18 13 95 37 1021 1017 10 5 3 1000
1 26 19 17 14 83 50 1023 1018 10 7 2 1000
1 30 18 16 11 88 31 1022 1016 10 6 5 1000
1 28 17 17 10 88 35 1019 1014 11 7 3 0010
1 20 16 19 14 98 68 1019 1016 14 3 2 0010
1 18 16 16 15 100 88 1016 1012 8 4 2 0010
1 19 17 18 15 94 83 1018 1014 8 4 2 1000
1 25 18 19 14 94 57 1018 1014 10 6 3 0010
1 28 18 18 15 88 54 1020 1016 10 6 3 1000
1 27 18 21 13 94 54 1021 1017 10 7 5 0010
1 26 17 19 11 94 50 1021 1018 11 5 3 1000
1 25 14 16 11 96 49 1020 1015 10 5 3 1000
1 26 13 17 11 91 41 1019 1013 10 5 3 1000
1 26 13 16 10 98 41 1022 1017 10 5 2 1000
1 26 13 16 9 97 38 1023 1018 10 5 5 1000
1 26 14 15 8 94 32 1023 1017 10 3 3 1000
1 26 15 16 12 88 47 1020 1015 10 3 5 1000
1 24 14 17 12 93 53 1020 1015 10 4 3 1000
1 25 14 16 12 88 53 1018 1013 10 5 5 1000
1 25 13 17 7 94 36 1016 1012 8 5 3 1000
1 23 12 14 7 94 38 1019 1015 7 3 3 1000
1 24 12 14 9 94 41 1022 1017 5 1 6 1000
1 23 13 14 -12 94 15 1022 1018 5 2 3 1000
1 22 11 13 9 94 44 1022 1018 6 1 3 0100
1 23 10 18 3 100 31 1020 1017 7 2 3 1000
1 22 9 13 3 95 31 1023 1018 8 1 3 1000
1 22 9 12 7 97 39 1024 1020 7 2 2 0100
1 22 10 14 8 94 49 1025 1022 7 2 3 0100
1 24 9 14 8 94 39 1025 1020 8 1 5 1000
1 24 10 12 6 94 35 1024 1019 10 4 3 1000
1 23 10 14 4 94 31 1023 1017 8 4 2 1000
1 23 12 13 8 93 42 1022 1018 10 3 3 1000
1 23 10 12 -1 94 17 1022 1018 10 2 3 1000
1 23 7 9 1 89 25 1020 1015 10 4 3 1000
1 22 6 10 -2 94 20 1020 1016 10 6 2 1000
1 23 6 10 0 93 23 1020 1016 10 5 5 1000
1 22 7 10 5 96 35 1021 1017 10 6 3 1000
1 23 7 12 2 100 30 1022 1019 10 5 3 1000
1 23 7 12 1 97 27 1024 1020 14 6 3 1000
1 23 6 9 -2 93 20 1023 1018 14 5 5 1000
1 23 5 11 3 87 27 1023 1017 14 7 6 1000
1 22 7 12 4 93 33 1022 1017 11 5 5 1000
1 21 7 11 3 94 33 1020 1014 11 6 3 1000
1 21 7 11 1 93 30 1020 1016 10 6 3 1000
1 21 7 12 5 97 37 1022 1017 10 3 2 1000
1 19 8 12 7 93 49 1021 1016 10 3 2 0100
1 21 8 12 7 95 46 1022 1016 10 0 5 0100
1 21 7 12 4 96 35 1019 1013 8 0 3 1000
1 22 8 11 6 93 35 1018 1013 10 3 3 1000
1 22 8 12 6 100 35 1022 1017 10 3 3 1000
1 21 8 11 5 100 35 1024 1020 10 1 5 1000
1 21 9 13 5 98 37 1023 1017 10 3 3 0100
1 21 7 12 6 100 46 1022 1016 10 0 3 1000
1 21 10 12 7 95 39 1023 1018 10 3 3 1000
1 21 7 12 5 93 33 1023 1018 10 2 3 1000
1 22 7 10 3 97 29 1023 1018 10 4 5 1000
1 21 7 10 3 96 35 1022 1017 10 2 2 1000
1 20 7 10 5 93 40 1020 1015 10 5 10 1000
1 21 7 12 6 96 46 1020 1016 8 3 5 1000
1 20 7 12 4 96 37 1021 1016 10 3 3 1000
1 19 7 17 5 98 43 1020 1015 10 3 3 0100
1 20 7 10 5 93 43 1019 1013 10 1 5 1000
1 19 6 10 4 100 40 1018 1013 10 3 3 0100
1 19 6 11 5 100 46 1019 1013 8 0 5 0100
1 18 7 11 5 96 48 1017 1012 7 0 3 1000
1 17 7 10 5 94 50 1017 1012 6 2 3 1000
1 17 7 8 5 93 49 1018 1013 4 1 3 0100
1 18 4 9 1 100 32 1021 1016 10 0 5 1000
1 19 3 8 -7 96 16 1022 1016 8 3 5 1000
1 16 4 8 2 98 42 1020 1014 6 2 3 1000
1 15 6 8 4 92 48 1019 1014 4 1 2 1000
1 16 6 8 3 93 45 1019 1015 5 1 2 1000
1 16 5 8 2 94 44 1021 1016 5 2 2 0100
1 16 3 10 -3 98 42 1023 1018 6 0 2 0100
1 17 1 8 -3 99 26 1025 1019 10 0 2 1000
1 18 2 7 1 96 34 1023 1018 10 2 3 1000
1 18 3 7 1 94 32 1024 1018 10 2 31 1000
1 20 2 7 -2 98 23 1022 1017 10 3 2 1000
1 21 4 6 -6 81 17 1021 1016 10 4 3 1000
1 18 4 8 0 92 33 1021 1016 8 4 3 0100
1 18 4 8 0 97 30 1021 1017 19 0 2 1000
1 18 2 7 -5 97 23 1021 1016 10 2 2 1000
1 17 1 6 -1 93 26 1023 1018 10 1 2 1000
1 20 4 6 -1 100 22 1023 1018 10 3 3 1000
1 19 2 7 0 96 30 1021 1016 10 3 3 1000
1 18 2 8 -2 98 24 1021 1016 8 2 2 0100
1 17 4 7 3 100 39 1021 1016 7 1 2 1000
1 18 4 7 -2 94 29 1019 1013 10 1 2 1000
1 17 2 5 1 98 32 1019 1014 10 2 2 0100
1 17 1 7 -5 100 22 1019 1015 10 0 2 1000
1 16 1 11 -2 99 29 1022 1017 8 1 2 1000
1 16 1 7 1 93 39 1021 1016 5 1 2 1000
1 18 1 7 -4 99 22 1022 1016 8 1 2 1000
1 16 4 7 -1 81 33 1022 1018 6 1 3 1000
1 16 4 6 1 94 34 1024 1019 8 1 2 0100
1 18 3 8 2 97 35 1025 1019 7 0 2 0100
1 18 4 9 3 100 37 1022 1017 6 0 2 0100
1 18 4 8 2 100 41 1023 1019 8 0 2 0100
1 18 3 9 2 100 40 1024 1019 7 0 2 1000
1 19 5 8 2 95 34 1026 1020 7 1 2 0010
1 12 5 8 3 97 62 1026 1022 8 1 2 0100
1 18 2 8 -1 100 28 1027 1021 10 0 2 1000
1 19 3 8 -1 93 28 1027 1022 10 1 2 1000
1 20 3 10 2 98 33 1026 1021 10 2 3 0010
1 21 7 11 2 93 32 1026 1020 8 2 2 0010
1 18 10 11 4 96 40 1025 1018 10 2 2 1000
1 19 7 9 1 97 32 1022 1018 9 2 3 1000
1 19 4 6 -1 94 28 1021 1016 10 1 3 1000
1 21 2 8 -2 87 24 1022 1017 10 2 3 1000
1 20 4 11 1 95 30 1022 1017 10 1 3 1000
1 21 3 9 -2 94 24 1021 1016 8 2 6 1000
1 20 5 9 3 99 35 1025 1019 7 1 2 0100
1 21 4 13 3 100 33 1024 1019 10 0 2 0100
1 20 5 10 -1 96 26 1024 1019 8 1 3 1000
1 21 4 10 1 96 28 1024 1019 8 1 5 1000
1 22 4 9 -10 93 11 1021 1015 10 2 3 1000
1 24 5 7 -4 87 12 1017 1012 10 3 3 1000
1 23 5 5 -5 81 15 1014 1009 10 3 2 1000
1 22 4 9 0 88 26 1014 1010 10 3 2 1000
1 21 4 11 1 93 28 1015 1010 11 2 3 1000
1 21 6 9 2 92 28 1017 1011 10 1 5 1000
1 21 5 7 -9 88 13 1013 1009 10 3 3 1000
1 23 4 8 -10 94 11 1013 1009 10 3 3 1000
1 22 3 22 -13 91 9 1014 1010 10 3 3 1000
1 20 7 7 0 91 16 1015 1011 8 3 3 1000
1 20 2 6 -7 87 18 1015 1010 10 2 2 1000
1 22 2 7 -10 96 13 1020 1014 10 3 3 0010
1 15 9 10 6 93 55 1020 1014 8 2 5 0010 
1 16 7 11 6 98 59 1017 1013 8 3 3 0010
1 12 6 8 4 97 66 1017 1012 8 3 2 0010
1 17 3 6 -5 100 25 1017 1013 10 1 8 1000
1 22 2 8 -1 97 26 1021 1017 10 1 5 0100
1 21 4 10 3 100 34 1022 1017 10 0 3 0100
1 22 6 10 1 96 29 1019 1015 8 0 3 0100
1 22 6 12 5 95 34 1021 1016 7 1 3 0010
1 17 10 12 6 95 52 1023 1019 7 1 3 0100
1 23 7 10 3 93 28 1023 1018 8 0 3 1000
1 23 6 11 -2 93 24 1023 1018 10 3 3 1000
1 22 6 11 4 92 32 1023 1019 8 2 3 1000
1 21 8 11 2 97 32 1022 1017 8 1 3 0010
1 18 8 11 5 91 44 1023 1018 8 1 3 1000
1 23 8 11 3 95 35 1021 1016 8 1 5 0010 
1 18 9 11 5 94 45 1021 1017 10 3 3 0100
1 21 7 11 5 100 42 1021 1017 10 0 3 1000
1 22 5 12 2 93 32 1020 1016 10 2 3 1000
1 23 7 11 -1 93 24 1022 1017 11 3 3 1000
1 24 9 11 0 92 25 1020 1015 10 4 5 1000
1 22 6 10 4 87 34 1018 1015 10 3 2 1000
1 23 6 12 4 77 33 1020 1016 10 2 2 1000
1 24 7 10 3 92 30 1022 1017 10 1 3 1000
1 22 7 9 5 98 28 1022 1018 7 2 2 1000
1 22 10 9 5 87 33 1022 1017 8 1 3 1000
1 22 8 8 2 87 27 1022 1018 8 2 5 1000
1 23 8 8 -8 87 14 1022 1017 10 1 5 1000
1 24 8 8 -8 93 11 1020 1015 10 5 3 1000
1 24 8 10 3 93 25 1021 1016 10 5 5 1000
1 25 11 10 7 82 34 1023 1018 10 1 5 1000
1 25 11 12 6 88 29 1023 1019 8 2 3 0010
1 26 13 13 8 88 32 1023 1017 7 2 3 0001
1 25 12 12 7 88 36 1022 1016 8 2 6 0010 
1 24 10 9 0 77 21 1020 1014 10 6 5 0010 
1 22 10 9 -3 82 20 1016 1013 10 4 3 0010 
1 25 9 12 5 94 34 1017 1012 8 1 5 0010 
1 23 9 14 1 98 37 1017 1012 8 3 5 1000
1 22 8 11 6 100 40 1020 1015 8 2 3 0010
1 22 11 14 9 88 49 1021 1016 7 1 3 0010 
1 27 10 14 0 97 38 1020 1014 8 1 5 1000
1 27 9 13 5 96 28 1019 1015 10 1 3 1000
1 27 10 12 -1 95 17 1018 1013 11 1 8 1000
1 30 12 14 4 82 23 1016 1012 10 3 5 1000
1 29 12 12 2 88 19 1016 1010 10 3 6 1000
1 31 12 12 -7 77 9 1013 1009 11 3 5 1000
1 30 0 10 -14 76 6 1013 1008 10 3 6 1000
1 29 10 10 -6 81 11 1013 1009 8 2 5 1000
1 28 9 12 3 76 24 1015 1010 8 3 6 0010 
1 21 9 12 4 88 37 1020 1014 8 1 3 1000
1 27 8 11 3 99 24 1018 1013 11 2 5 1000
1 24 11 15 7 83 38 1018 1014 7 3 3 1000
1 25 15 16 9 90 41 1019 1015 7 1 3 0010 
1 29 13 16 7 94 28 1019 1013 8 1 6 1000
1 29 11 14 -2 99 15 1017 1012 11 5 6 1000
1 31 12 13 4 84 21 1018 1013 10 3 3 1000
1 29 12 12 1 81 20 1018 1014 8 2 5 1000
1 27 10 10 0 89 18 1018 1014 8 2 5 0001
1 28 11 11 -2 71 18 1019 1014 8 3 3 0010 
1 25 9 11 1 81 23 1021 1017 6 2 3 1000
1 24 9 12 0 91 22 1023 1018 10 0 3 1000
1 30 9 12 -3 87 15 1020 1015 11 3 5 1000
1 31 11 12 -1 84 14 1018 1013 10 3 5 1000
1 30 13 12 2 74 20 1016 1012 10 3 5 1000
1 30 12 12 2 72 19 1019 1016 8 2 3 1000
1 31 15 13 1 64 20 1019 949 10 2 5 1000
1 31 13 16 -7 76 10 1019 1014 10 6 3 1000
1 32 11 13 -4 71 12 1019 1014 10 3 5 1000
1 31 13 12 1 72 16 1020 1016 7 3 5 1000
1 32 12 12 -7 70 9 1018 1013 8 2 3 1000
1 30 13 12 2 67 18 1015 1010 8 3 3 1000
1 32 13 13 2 69 19 1016 1012 8 3 5 1000
1 32 14 12 1 68 15 1017 1013 10 3 6 0010 
1 33 14 15 -5 75 10 1018 1013 10 3 5 1000
1 32 13 12 1 72 16 1017 1012 11 3 3 1000
1 32 16 16 7 77 25 1016 1012 8 2 5 1000
1 32 17 17 10 73 30 1018 1012 7 2 6 0010 
1 30 15 18 11 86 45 1017 1012 8 2 3 0010 
1 22 14 16 10 94 43 1019 1012 10 1 5 0010 
1 28 14 17 11 94 44 1017 1012 10 3 3 0010 
1 26 15 18 13 100 43 1016 1012 6 0 3 0010
1 21 13 16 12 99 64 1020 1015 10 3 3 0010
1 27 15 17 10 94 39 1020 1013 8 3 3 1000
1 26 15 18 11 92 39 1016 1011 10 3 5 1000
1 29 17 19 11 90 39 1012 1008 10 3 3 1000
1 31 18 19 7 88 23 1010 1006 10 3 6 1000
1 31 15 16 2 82 18 1013 1008 10 3 3 1000
1 32 16 14 -1 80 13 1013 1009 11 3 6 1000
1 31 16 16 10 70 21 1014 1012 10 3 2 1000
1 32 16 14 1 73 15 1016 1011 10 3 10 1000
1 32 15 14 1 63 15 1013 1009 10 5 6 1000
1 31 16 15 4 74 20 1012 1008 10 5 6 1000
1 31 15 16 -2 89 12 1014 1009 10 5 5 1000
1 32 15 16 6 72 22 1016 1013 10 3 6 1000
1 32 16 18 7 72 23 1015 1012 8 5 6 1000
1 32 19 20 6 80 35 1015 1012 7 3 6 1000
1 33 19 24 10 88 26 1014 1004 8 3 8 1000
1 33 18 18 2 83 18 1012 1008 11 4 5 1000
1 32 16 16 3 69 19 1012 1007 10 6 3 1000
1 33 17 17 8 69 25 1015 1010 8 5 6 0010 
1 31 18 17 11 89 37 1018 1014 10 4 3 0010 
1 31 17 19 10 96 32 1021 1013 11 5 5 0010 
1 21 16 18 13 92 64 1021 1015 10 4 5 0010
1 23 17 18 11 92 56 1018 1012 8 3 3 1000
1 30 16 22 13 94 42 1015 1009 10 5 3 0010 
1 29 17 19 14 94 43 1014 1011 10 6 6 0001
1 29 16 20 14 95 46 1013 1009 10 5 5 0010 
1 29 19 19 14 88 44 1014 1011 31 5 10 0010 
1 31 17 20 13 97 32 1016 1012 10 4 3 1000
1 31 16 21 14 97 42 1017 1012 11 6 3 1000
1 30 18 21 13 88 25 1013 1010 8 6 5 1000
1 31 19 23 13 88 40 1013 1008 8 3 5 0001
1 32 19 22 15 91 40 1011 1006 14 6 3 0010 
1 31 21 23 18 93 54 1008 1006 7 3 3 0010
1 27 21 22 18 94 61 1010 1005 8 3 3 0010
1 31 21 23 18 88 57 1007 1006 8 4 3 0010 
1 31 19 22 17 96 51 1007 1004 8 6 6 1000
1 32 20 22 15 91 43 1009 1004 8 6 5 0010 
1 31 18 22 16 99 43 1008 1003 10 5 5 1000
1 31 20 22 15 94 43 1007 1004 10 4 5 0001
1 31 19 21 14 89 37 1007 1003 8 6 3 0010 
1 31 19 21 13 92 37 1010 1006 8 3 3 1000
1 30 18 22 15 92 45 1010 1006 8 5 3 0010 
1 32 21 24 17 94 47 1009 1005 8 3 5 0010 
1 31 19 23 17 97 45 1010 1005 10 6 6 0010 
1 30 21 22 17 92 51 1008 1005 10 6 2 0010
1 29 21 22 18 94 58 1007 1003 10 6 2 0010
1 28 21 22 18 91 54 1005 1002 10 4 5 0010 
1 26 20 22 19 93 78 1008 1005 10 5 2 1000
1 29 20 23 19 97 69 1007 1007 10 6 2 0001
1 29 21 23 18 91 58 1007 1003 10 6 6 0001
1 31 21 22 16 92 45 1007 1003 8 3 6 0001
1 30 20 22 17 88 48 1010 1005 8 3 5 0001
1 30 21 22 17 87 48 1014 1010 10 5 3 0010 
1 31 21 22 18 93 48 1014 1011 8 6 3 0010 
1 30 20 23 16 96 54 1013 1008 8 5 5 0001
1 31 21 27 18 99 54 1010 1006 8 5 2 0010 
1 30 19 22 17 100 51 1011 1007 7 0 3 0010
1 30 19 21 17 100 50 1013 1010 10 3 5 0010
1 29 21 22 16 94 48 1012 1008 10 5 5 0010
1 29 21 22 18 90 54 1010 1004 10 6 3 0010 
1 28 21 23 18 95 61 1009 1005 10 6 3 0010
1 28 21 23 19 95 65 1012 1008 8 6 3 1000
1 29 21 23 18 95 54 1013 1009 10 6 5 0010 
1 29 21 24 18 94 54 1012 1007 8 6 5 0010
1 30 21 23 18 94 51 1008 1004 8 3 5 0010 
1 31 21 24 19 99 58 1009 1005 10 1 3 0010 
1 30 21 23 19 94 58 1010 1006 8 5 5 0010
1 29 21 23 18 100 61 1011 1006 8 2 2 0010 
1 31 22 24 18 89 51 1010 1005 8 4 2 0010
1 29 20 23 18 94 54 1045 1007 10 5 3 0010
1 29 21 23 19 100 61 1010 1007 10 3 2 0010
1 27 21 23 20 100 69 1010 1007 10 4 5 0010 
1 29 21 23 19 97 65 1010 1007 8 6 5 0010
1 29 20 23 19 97 65 1009 1006 8 5 3 0010
1 30 21 23 19 94 60 1008 1004 10 6 6 0010 
1 30 20 23 18 96 55 1009 1003 10 5 8 0010 
1 29 21 24 10 97 35 1009 1004 19 6 3 0010 
1 31 20 24 11 95 28 1008 1003 10 3 5 0010
1 30 21 23 19 97 56 1009 1006 10 5 3 0010
1 27 21 22 18 90 61 1011 1007 10 6 3 0010
1 24 20 22 18 100 69 1012 1009 8 3 2 0010
1 27 20 22 18 97 65 1014 1009 10 3 2 0010 
1 30 20 23 17 100 54 1015 1011 10 6 5 0001
1 30 20 22 16 89 48 1015 1010 11 6 3 0010
1 31 21 23 17 96 48 1013 1007 10 5 5 0010 
1 30 21 22 16 97 51 1011 1008 11 3 5 0010
1 29 20 23 19 100 61 1013 1009 10 4 5 0010
1 30 22 23 20 95 58 1013 1008 10 6 2 0010
1 30 21 23 20 90 56 1011 1006 10 8 6 0010 
1 30 22 22 20 95 51 1010 1005 10 4 6 0010
1 28 21 22 20 100 68 1008 1007 8 3 3 0010
1 29 21 23 21 100 66 1008 1004 10 6 5 1000
1 31 22 23 20 94 62 1010 1006 8 6 3 1000
1 30 20 23 18 94 60 1010 1007 10 6 8 0010
1 30 21 23 19 94 55 1010 1006 10 6 5 0010 
1 31 21 23 20 100 60 1010 1007 10 3 3 0010 
1 31 21 23 21 95 60 1010 1009 10 5 3 0010
1 29 21 23 20 100 70 1011 1010 10 6 2 1000
1 28 22 22 19 93 70 1010 1007 10 6 5 0010 
1 30 20 22 19 94 55 1010 1006 10 6 2 0010 
1 28 21 23 21 100 69 1008 1005 8 2 3 0010
1 22 20 22 19 100 88 1011 1007 7 3 3 0010
1 24 19 21 18 100 71 1013 1008 8 3 2 1000
1 30 19 22 18 97 54 1013 1009 11 6 3 0010 
1 30 20 23 19 99 57 1014 1010 10 5 5 1000
1 29 21 22 20 94 56 1016 1012 10 6 2 0010 
1 28 21 22 20 94 74 1017 1012 8 6 5 0010 
1 28 21 22 18 100 65 1015 1011 8 5 3 0010
1 28 20 22 19 100 64 1013 1009 8 5 2 0001
1 30 20 22 19 96 57 1014 1010 10 5 2 0010
1 29 20 22 18 100 69 1015 1010 8 3 3 0001
1 30 20 22 20 100 57 1014 1010 8 3 3 0010 
1 28 21 22 20 100 65 1015 1010 8 3 3 0010 
1 29 19 23 19 100 62 1014 1009 8 5 6 0010 
1 29 19 23 19 96 56 1014 1009 10 5 6 0010 
1 29 19 23 19 100 56 1016 1012 10 3 5 0010 
1 30 20 22 19 100 58 1016 1011 10 6 3 0010 
1 30 19 23 18 100 56 1016 1010 10 2 3 0010 
1 30 19 22 18 100 54 1014 1009 10 1 2 1000
1 29 21 22 19 100 61 1014 1010 10 6 2 1000
1 31 19 21 18 98 46 1016 1012 10 7 6 0001
1 31 19 22 19 94 53 1015 1011 10 6 8 1000
1 30 19 21 19 96 50 1014 1010 10 6 5 1000
1 30 20 22 19 100 51 1013 1008 10 0 5 0010 
1 31 21 23 18 100 48 1015 1009 14 1 8 0010 
1 30 20 23 19 97 58 1016 1013 10 3 3 0010 
1 30 20 23 20 98 55 1016 1011 10 3 3 0010 
1 28 20 21 19 100 59 1015 1010 10 3 3 0010
1 27 19 21 18 100 63 1015 1011 8 3 2 0010
1 28 19 21 18 100 59 1017 1012 10 4 3 0010 
1 29 19 21 18 100 59 1017 1012 10 6 2 0010
1 25 19 21 19 100 73 1015 1011 8 4 2 0010
1 23 19 21 18 100 73 1015 1012 8 2 2 0010
1 25 19 21 18 100 69 1014 1011 8 3 3 1000
1 28 19 22 18 94 55 1014 1009 10 5 2 0001
1 30 19 23 18 96 53 1012 1008 10 6 3 0010 
1 32 19 22 18 100 47 1016 1010 10 3 3 0010 
1 32 19 23 18 100 37 1016 1010 10 1 5 0010
1 28 19 20 19 100 69 1015 1011 8 1 3 0010 
1 27 19 22 18 98 61 1014 1010 10 6 3 0010
1 25 19 21 19 97 74 1014 1011 8 5 2 1000
1 26 18 22 17 100 65 1015 1011 10 5 3 0010
1 27 19 21 17 99 60 1016 1013 10 6 2 0010
1 25 19 19 18 94 65 1017 1014 8 6 3 0001
1 28 18 21 14 95 42 1017 1014 10 6 8 1000
1 28 16 20 15 100 43 1018 1015 10 4 3 0010 
1 28 17 20 16 100 54 1020 1016 10 3 3 0010 
1 27 17 19 2 96 16 1021 1016 8 2 3 1000
1 27 15 19 14 100 51 1021 1017 8 5 3 1000
1 28 14 19 13 94 47 1022 1017 10 6 3 0010 
1 28 15 19 14 100 51 1022 1017 10 6 2 1000
1 28 15 19 15 100 44 1020 1015 10 6 3 1000
1 28 16 22 15 100 54 1021 1016 10 5 2 1000
1 29 16 22 16 100 54 1051 1018 10 3 2 0010 
1 29 17 22 17 100 54 1023 1018 10 3 2 0010 
1 29 15 21 15 100 48 1021 1016 10 3 3 1000
1 28 15 22 15 100 45 1021 1016 10 6 3 0100
1 28 15 19 15 98 42 1021 1015 10 1 3 1000
1 28 15 20 14 100 43 1020 1014 10 3 3 1000
1 28 16 18 12 94 42 1018 1014 10 4 3 1000
1 28 16 21 11 97 34 1021 1016 10 3 3 0010
1 18 14 18 14 96 78 1023 1019 8 3 3 0010 
1 17 15 16 14 100 82 1025 1018 7 1 5 0100
1 25 13 18 13 100 65 1024 1018 10 0 2 1000
1 25 16 17 15 94 54 1021 1017 10 7 3 1000
1 24 16 16 14 94 57 1022 1018 10 6 3 1000
1 26 15 17 12 94 47 1019 1017 10 7 11 1000
1 25 13 15 11 100 44 1021 1016 10 5 2 1000
1 25 13 16 13 100 48 1022 1018 10 5 2 1000
1 26 13 16 9 100 42 1024 1020 8 4 3 1000
1 25 11 15 10 100 37 1026 1020 10 6 3 1000
1 26 11 15 8 100 31 1024 1018 10 5 3 1000
1 26 12 16 12 98 39 1022 1017 11 2 3 1000
1 26 12 16 11 94 50 1023 1018 10 6 3 0010 
1 25 12 13 10 94 30 1024 1021 10 4 5 1000
1 24 10 13 10 100 35 1023 1018 10 6 2 1000
1 24 10 14 8 100 41 1021 1017 8 6 2 1000
1 23 10 14 10 100 44 1021 1017 8 3 3 1000
1 24 11 15 11 100 49 1021 1017 6 3 2 1000
1 24 12 16 11 100 47 1022 1017 6 2 2 0100
1 24 12 14 10 100 43 1022 1017 7 0 3 1000
1 25 10 15 9 100 41 1022 1018 8 4 2 0100
1 24 12 16 12 100 49 1023 1017 8 0 3 1000
1 24 12 15 11 100 47 1020 1015 10 3 2 1000
1 22 11 14 11 100 50 1021 1015 10 4 3 1000
1 23 11 15 10 100 44 1020 1014 10 4 3 1000
1 24 12 15 10 100 44 1022 1017 10 4 2 1000
1 24 11 14 11 100 47 1023 1019 10 3 3 1000
1 23 11 18 10 94 47 1024 1020 10 5 3 1000
1 23 10 18 10 100 50 1021 1017 8 3 3 1000
1 23 12 16 12 100 57 1021 1017 7 2 2 1000
1 25 13 15 3 95 24 1022 1017 10 4 3 1000
1 22 11 13 10 100 53 1022 1019 7 1 3 1000
1 21 12 13 11 100 53 1023 1018 8 2 2 1000
1 21 10 19 9 100 46 1021 1016 7 2 2 1000
1 19 10 12 10 94 59 1022 1017 6 1 0 1000
1 21 8 13 8 100 53 1023 1018 6 2 2 1000
1 21 11 13 8 94 49 1025 1020 5 1 2 1000
1 21 9 12 9 100 52 1024 1019 7 2 3 1000
1 21 9 12 8 94 46 1023 1017 7 2 3 1000
1 21 8 12 7 94 49 1021 1016 7 3 3 1000
1 20 9 12 8 100 52 1020 1015 7 1 3 1000
1 20 10 11 8 94 46 1021 1015 8 3 3 1000
1 20 9 10 8 94 46 1022 1017 8 2 2 1000
1 19 9 10 7 94 49 1022 1016 7 2 2 1000
1 20 7 10 6 100 43 1018 1012 8 2 2 0100
1 19 7 11 6 98 43 1020 1015 7 0 2 1000
1 18 9 15 8 100 45 1020 1016 7 2 3 1000
1 18 7 10 7 100 46 1018 1014 10 2 3 1000
1 19 7 12 1 98 39 1020 1015 7 1 3 0100
1 19 7 12 7 100 46 1020 1015 5 0 2 0100
1 21 7 12 7 100 45 1020 1015 6 0 2 0100
1 22 7 13 6 100 43 1020 1015 6 0 2 1000
1 24 8 12 8 94 43 1022 1018 6 2 2 1000
1 22 9 13 8 96 40 1024 1019 7 2 2 1000
1 21 7 11 7 100 44 1022 1017 8 1 3 1000
1 22 8 12 7 100 46 1020 1015 7 3 2 1000
1 19 7 11 7 100 50 1021 1016 7 2 2 1000
1 22 8 12 4 100 38 1022 1018 10 2 2 0100
1 21 5 10 2 100 21 1022 1017 10 0 2 1000
1 19 3 7 1 97 30 1022 1017 10 3 2 1000
1 20 2 6 -3 93 20 1023 1019 8 5 3 0010
1 16 4 10 3 98 48 1025 1021 5 2 2 0010
1 12 8 11 8 100 86 1026 1021 7 1 2 0100 
1 20 5 10 5 100 40 1024 1019 8 0 2 0010
1 14 6 9 5 98 66 1024 1018 7 3 3 0100
1 18 3 8 2 100 42 1023 1018 9 0 2 1000
1 21 3 6 -1 100 24 1026 1021 10 3 2 1000
1 20 5 6 -2 96 24 1028 1023 8 5 2 1000
1 18 2 5 -8 96 16 1023 1017 8 5 3 1000
1 19 3 7 2 95 31 1022 1017 10 5 2 1000
1 20 3 8 3 100 31 1022 1017 8 3 2 1000
1 19 3 9 3 100 40 1022 1017 8 2 3 1000
1 19 3 9 3 100 35 1024 1019 7 1 3 1000
1 19 3 7 3 100 42 1023 1017 8 2 2 1000
1 19 3 7 3 97 45 1020 1015 8 1 3 1000
1 18 2 7 3 100 36 1021 1016 8 3 2 1000
1 19 2 6 2 98 29 1024 1019 10 2 2 1000
1 21 2 6 1 100 24 1023 1017 8 2 2 1000
1 21 2 7 -1 98 20 1022 1017 10 2 3 1000
1 16 3 9 3 97 48 1024 1019 6 2 0 0010
1 19 5 10 4 94 40 1026 1021 8 1 3 0010
1 17 8 12 8 100 60 1024 1019 6 2 3 0100 
1 20 8 12 6 100 45 1050 1016 8 0 2 1000
1 20 6 9 4 100 40 1016 1012 10 3 3 1000
1 19 7 9 6 93 42 1019 1015 8 3 3 0010 
1 19 8 8 5 93 39 1019 1015 8 1 3 0010
1 18 4 7 3 100 35 1022 1017 8 3 2 1000
1 20 3 7 2 100 31 1023 1018 10 3 3 1000
1 21 1 4 -3 93 21 1021 952 10 3 2 1000
1 21 2 5 1 93 22 1022 1017 7 3 2 1000
1 20 2 6 0 97 27 1023 1018 10 1 2 1000
1 21 3 7 2 97 25 1023 1018 8 2 2 1000
1 20 3 6 0 100 24 1024 1019 8 2 3 1000
1 20 3 6 0 93 21 1024 1019 10 1 2 1000
1 22 3 8 2 100 38 1024 1019 8 2 3 1000
1 19 4 7 3 100 33 1022 1018 10 2 3 1000
1 19 3 7 -1 100 23 1022 1017 10 3 2 1000
1 21 3 12 -1 97 21 1022 1018 10 2 2 1000
1 21 2 5 -1 93 23 1025 1021 10 2 3 1000
1 22 3 9 2 99 32 1028 1023 10 2 2 1000
1 21 3 7 2 93 30 1025 1020 8 3 3 0010
1 21 8 8 4 87 30 1023 1017 10 2 5 1000
1 20 3 7 1 100 23 1023 1018 10 2 3 1000
1 21 3 9 1 93 28 1024 1019 10 2 3 1000
1 18 2 9 3 93 45 1024 1020 7 1 3 1000
1 20 6 9 3 100 26 1023 1018 10 1 5 1000
1 21 2 3 -5 93 17 1020 1016 10 2 3 1000
1 21 4 7 -11 87 5 1021 1017 10 1 2 1000
1 19 3 6 2 93 31 1020 1015 8 2 5 1000
1 19 1 6 -1 93 21 1021 1016 8 3 6 1000
1 19 3 7 2 100 36 1050 1018 8 1 3 1000
1 21 3 7 2 96 24 1026 1022 8 1 3 0010
1 24 4 9 0 98 21 1029 1024 10 1 6 0010
1 21 6 8 -2 100 24 1028 1019 11 2 5 1000
1 22 4 9 3 94 24 1023 1018 10 2 2 1000
1 21 6 9 6 94 35 1024 1018 7 1 5 0100
1 21 5 9 1 100 17 1022 1016 10 0 5 1000
1 21 5 8 2 93 34 1022 1019 10 2 3 1000
1 22 5 8 3 88 25 1023 1019 10 2 5 1000
1 23 5 11 4 93 32 1025 1018 10 2 5 1000
1 22 5 9 2 93 32 1021 1018 7 2 3 1000
1 22 5 9 2 93 22 1020 1014 10 1 3 1000
1 21 7 9 5 93 33 1018 1013 8 1 5 1000
1 21 6 8 5 93 40 1017 1013 6 1 5 0010 
1 20 8 9 6 93 36 1021 1014 5 0 3 1000
1 22 7 10 3 95 42 1023 1018 6 1 3 1000
1 23 7 11 6 93 31 1021 1015 7 1 5 0010 
1 23 7 11 6 95 35 1021 1015 8 1 3 0010 
1 22 6 11 6 93 31 1021 1016 10 5 5 1000
1 23 7 12 7 100 38 1021 1017 8 1 3 1000
1 24 9 12 9 100 39 1020 1014 8 1 3 0100
1 25 8 12 8 100 35 1022 1016 7 0 3 1000
1 25 12 14 10 94 37 1022 1017 6 1 3 1000
1 23 13 14 11 94 43 1021 1016 7 1 5 0100
1 22 14 19 10 100 52 1019 1013 6 1 2 0010 
1 15 9 13 8 99 82 1022 1014 10 1 5 0100 
1 24 9 12 4 100 23 1019 1015 10 0 3 1000
1 24 7 8 2 93 27 1022 1018 8 3 5 0010 
1 16 11 11 1 100 12 1026 1018 7 3 5 0010
1 14 9 11 9 100 79 1027 1018 10 3 5 0010
1 18 9 12 9 100 57 1020 1013 10 1 5 0100
1 22 6 10 5 100 28 1017 1012 10 0 6 1000
1 22 6 10 4 95 31 1019 1015 10 5 5 1000
1 23 6 9 0 100 23 1020 1016 10 3 3 1000
1 24 7 11 6 93 31 1020 1016 10 3 5 1000
1 24 8 12 7 94 35 1023 1018 8 3 5 1000
1 26 8 10 -5 97 14 1026 1021 10 3 6 1000
1 25 6 7 -15 87 7 1024 1019 11 3 5 1000
1 28 6 16 1 87 21 1024 1019 10 3 5 1000
1 27 8 12 6 93 24 1024 1018 10 2 5 1000
1 28 9 12 6 94 19 1021 1016 10 1 5 1000
1 27 12 12 3 82 25 1023 1019 10 3 5 0010
1 22 11 12 3 94 31 1024 1020 8 2 5 0010
1 24 11 12 7 94 36 1025 1020 10 3 5 1000
1 25 8 12 5 94 32 1023 1014 10 3 6 1000
1 25 9 10 1 87 17 1019 1014 10 3 10 1000
1 24 7 11 5 87 32 1020 1016 10 3 5 1000
1 27 8 13 6 88 30 1022 1018 8 3 6 1000
1 27 10 15 10 94 34 1023 1017 7 1 5 0010 
1 28 11 14 3 94 34 1021 1016 8 1 5 0010 
1 27 12 16 11 94 38 1018 1015 7 1 3 0010
1 27 11 17 11 94 35 1021 1017 6 3 3 0010
1 28 13 16 11 100 35 1023 1019 6 1 5 0010 
1 28 14 19 13 99 44 1024 1020 5 1 3 0100 
1 23 14 17 13 100 58 1024 1019 6 0 3 1000
1 27 12 16 10 94 37 1024 1016 8 3 3 1000
1 27 14 16 13 94 42 1020 1016 7 1 5 0010 
1 17 12 15 11 96 77 1020 1017 6 2 3 1000
1 24 10 14 11 99 38 1016 1014 10 3 5 1000
1 27 11 14 9 94 28 1017 1012 10 1 3 1000
1 26 12 14 10 92 36 1014 1009 10 2 5 0001
1 27 12 14 10 95 34 1013 1009 10 3 5 0010 
1 27 10 13 7 100 32 1014 1009 8 1 5 1000
1 27 9 14 5 94 29 1017 1012 10 3 5 1000
1 27 10 12 6 95 29 1016 1012 10 3 5 1000
1 25 11 15 9 92 41 1019 1016 10 3 6 1000
1 28 10 13 4 95 27 1020 1014 10 3 5 1000
1 28 10 13 8 88 25 1017 1013 10 3 5 1000
1 29 11 13 8 82 27 1017 1014 10 3 6 1000
1 29 12 12 8 88 27 1020 1016 10 2 6 0010 
1 26 12 14 8 94 34 1024 1019 6 2 5 0010
1 18 13 14 12 95 76 1025 1020 7 3 2 0010
1 25 12 15 11 100 45 1024 1017 7 1 3 0010 
1 25 13 19 11 94 53 1023 1020 8 1 2 0010 
1 28 12 15 12 100 41 1024 1018 8 3 3 0010 
1 24 13 17 12 95 57 1020 1013 10 3 3 0010 
1 26 13 16 12 100 45 1013 1008 10 2 5 1000
1 28 13 19 12 100 48 1018 1012 8 1 5 1000
1 29 17 19 16 94 50 1019 1014 8 3 5 0010 
1 29 16 18 13 91 35 1016 1012 10 3 6 0001
1 28 14 18 9 100 40 1015 1010 10 4 6 1000
1 29 11 14 4 88 21 1016 1012 10 3 3 0010 
1 27 13 16 10 88 43 1019 1014 8 4 6 0001
1 20 13 14 11 89 53 1020 1017 8 6 13 0010
1 23 14 13 11 94 53 1019 1016 10 5 11 0010
1 26 13 15 11 100 44 1021 1016 10 6 5 0010 
1 23 14 16 13 94 60 1019 1013 10 3 5 0010
1 24 11 15 12 100 50 1017 1013 8 5 5 0010
1 24 14 20 14 100 60 1019 1014 10 3 5 1000
1 29 13 18 11 100 34 1018 1012 10 4 5 0001
1 29 16 17 11 94 38 1017 1012 10 6 5 1000
1 29 12 14 10 86 29 1018 1013 10 6 6 1000
1 31 12 15 7 97 28 1018 1014 10 6 3 1000
1 31 13 16 8 82 32 1017 1013 10 6 5 1000
1 30 13 16 10 83 25 1016 1012 10 5 5 0010 
1 31 17 19 14 88 38 1016 1013 7 3 5 0010 
1 28 16 19 15 94 47 1016 1012 8 3 8 0010 
1 26 18 20 15 94 61 1015 1012 7 3 6 0010 
1 29 15 19 15 100 47 1016 1011 11 3 6 0010 
1 31 16 19 15 100 45 1018 1013 8 5 6 1000
1 29 14 19 13 100 33 1019 1012 10 4 3 1000
1 30 18 19 16 94 43 1016 1012 10 3 6 1000
1 31 17 19 12 94 31 1017 1013 11 4 6 1000
1 29 20 21 12 88 39 1017 1013 7 4 6 0010 
1 29 18 19 14 88 36 1016 1012 8 3 3 0010 
1 29 16 18 12 94 37 1015 1010 10 5 6 1000
1 29 18 19 16 94 46 1014 1010 8 4 5 1000
1 30 16 19 16 94 44 1014 1009 10 3 5 0010 
1 32 20 21 18 89 42 1013 1009 14 5 8 0010 
1 31 20 19 12 89 27 1012 1008 10 4 6 1000
1 32 17 17 2 88 23 1010 1007 10 5 5 0010 
1 33 16 16 8 86 16 1012 1007 10 5 6 1000
1 32 13 18 8 94 22 1012 1008 10 6 6 0010 
1 32 17 20 -7 85 5 1016 1008 9 3 8 0010 
1 31 16 19 14 90 35 1016 1010 10 4 6 0001
1 31 15 19 13 94 27 1014 1010 10 6 5 1000
1 32 16 20 15 88 45 1013 1009 8 6 6 0010
1 31 19 20 17 88 39 1014 1010 7 5 6 0001
1 31 19 21 18 88 46 1015 1011 7 3 6 0001
1 33 19 20 13 94 22 1013 1008 10 6 6 1000
1 33 18 18 7 86 16 1014 1009 10 5 8 1000
1 33 18 17 8 78 19 1015 1011 10 6 5 1000
1 33 18 19 12 78 29 1016 1013 10 6 5 0010 
1 29 20 20 17 90 50 1019 1013 8 2 3 1000
1 39 18 19 15 94 18 1016 1010 10 4 6 1000
1 35 19 20 7 88 20 1013 1008 10 5 3 1000
1 34 19 18 11 78 23 1013 1009 10 6 6 1000
1 34 19 19 12 83 26 1012 1008 10 6 6 0001
1 34 21 20 10 83 21 1011 1007 10 5 6 0010 
1 32 20 21 14 97 39 1012 1007 7 3 8 0001
1 32 21 22 19 90 49 1012 1008 7 4 8 0010 
1 31 20 21 2 100 27 1011 1006 10 3 3 0010 
1 30 17 21 17 98 45 1012 1006 10 6 8 0010 
1 30 19 19 16 88 39 1012 1006 10 6 6 0010
1 31 18 19 16 87 40 1011 1007 10 8 8 0010
1 29 19 21 16 94 53 1012 1008 10 6 6 0001
1 31 19 20 18 94 40 1011 1007 11 6 6 0010 
1 32 21 21 18 94 44 1019 1007 11 6 6 0010 
1 31 21 21 18 94 45 1013 1008 10 3 8 0010 
1 31 20 22 19 97 62 1012 1008 10 1 5 0010 
1 31 21 23 19 94 54 1011 1006 10 6 6 0010 
1 29 20 22 19 94 52 1010 1004 10 6 5 0001
1 31 20 22 19 94 57 1008 1003 10 6 6 1000
1 30 20 22 19 97 55 1008 1004 10 6 6 0010
1 31 20 23 19 100 59 1007 1003 10 5 5 0010 
1 31 21 22 20 100 62 1007 1003 10 3 3 0010
1 28 20 22 19 100 67 1010 1004 8 3 3 0010
1 27 20 22 18 97 60 1016 1008 10 6 5 1000
1 30 19 23 18 93 52 1016 1012 10 5 6 0010 
1 31 21 23 20 100 57 1015 1010 8 3 3 0010 
1 29 19 22 20 100 58 1014 1010 7 1 3 0010 
1 29 20 23 20 100 59 1013 1008 8 4 5 0001
1 30 20 23 20 95 59 1010 1007 10 6 5 0010 
1 29 21 23 18 100 59 1009 1006 6 1 5 0010 
1 29 20 23 20 100 69 1009 1006 6 2 3 0010 
1 28 20 23 19 100 70 1011 1007 7 2 2 0010
1 28 19 22 19 100 74 1010 1006 7 3 3 0010 
1 30 20 22 20 95 60 1012 1007 10 5 3 0010 
1 29 20 23 19 100 62 1011 1006 10 6 5 0010 
1 28 20 22 14 100 58 1011 1006 10 3 5 0010
1 29 20 22 18 88 63 1014 1009 10 6 6 1000
1 31 20 23 19 94 50 1013 1009 10 7 6 0010 
1 31 21 22 20 94 49 1012 1007 10 5 5 0001
1 29 22 23 21 94 60 1010 1005 8 4 3 0010 
1 27 22 23 21 100 78 1006 1003 7 2 3 0010 
1 27 21 22 21 100 72 1008 1005 10 3 3 0010 
1 29 20 23 20 100 57 1010 1005 10 3 5 0010 
1 29 19 22 19 96 58 1010 1006 10 6 3 0010 
1 29 20 22 19 100 53 1011 1006 10 2 3 0010 
1 29 19 22 19 100 58 1012 1007 10 5 5 0010 
1 29 19 22 19 100 63 1014 1009 8 4 3 0010 
1 28 19 22 18 100 58 1014 1010 10 4 3 0010 
1 29 20 22 20 94 57 1015 1010 10 5 5 0010 
1 30 20 22 19 94 54 1015 1008 10 6 3 0010 
1 29 19 22 18 96 59 1013 1009 10 3 5 1000
1 29 18 22 18 100 46 1013 1010 10 5 5 0001
1 31 18 22 18 94 39 1013 1009 11 6 5 0010 
1 34 19 24 19 94 52 1013 1009 10 6 5 0010 
1 31 20 22 19 95 53 1011 1007 10 3 8 0010
1 31 19 22 1 100 14 1011 1008 10 2 3 0010
1 23 19 20 2 100 16 1013 1009 8 3 3 0010
1 25 19 21 19 100 78 1015 1011 7 3 3 0010
1 27 18 21 18 100 62 1016 1012 10 2 5 0010
1 30 18 22 19 100 61 1014 1010 8 5 5 0010
1 28 20 21 19 100 59 1012 1009 10 3 5 0010 
1 29 18 21 18 100 52 1011 1007 7 5 3 0010
1 26 20 22 20 100 72 1011 1008 6 2 5 0010 
1 27 19 22 19 100 32 1014 1009 7 3 2 0010
1 28 19 22 19 100 64 1014 1010 8 3 3 1000
1 29 21 23 20 100 62 1012 1007 8 3 3 0010 
1 32 22 23 21 98 49 1014 1008 8 3 5 0010 
1 30 19 23 10 100 49 1016 1011 10 3 8 0010 
1 29 20 22 19 100 63 1016 1012 10 1 5 0010
1 29 20 22 19 100 65 1015 1011 10 5 6 0010
1 30 20 22 20 100 63 1014 1010 8 6 6 0010
1 30 21 22 20 97 70 1015 1011 8 5 3 0010 
1 31 20 22 20 100 51 1014 1009 10 2 6 0010 
1 30 20 22 20 100 66 1013 1010 8 1 6 0010
1 28 21 22 19 100 63 1013 1001 8 3 5 0010 
1 28 21 23 20 100 78 1012 1009 7 3 2 0010 
1 27 19 23 19 100 67 1012 1008 8 2 5 0010 
1 28 19 23 19 100 78 1013 1010 7 5 3 0010 
1 30 20 22 19 100 53 1014 1008 10 6 5 0010
1 27 19 21 19 100 65 1012 1008 10 4 5 0001
1 30 20 22 20 94 53 1013 1008 10 6 3 0010 
1 30 21 23 20 94 57 1012 1008 10 6 5 0010 
1 30 19 22 19 100 56 1013 1009 10 2 3 0010 
1 29 19 22 19 98 62 1014 1010 10 6 6 0010 
1 29 19 21 19 100 62 1014 1010 10 6 6 0010 
1 29 20 23 20 100 59 1012 1008 10 5 6 0010 
1 30 21 23 20 96 55 1012 1008 10 5 5 0010 
1 30 20 24 11 99 35 1012 1008 8 3 5 0010
1 29 19 22 19 100 61 1011 1007 8 4 5 0010 
1 30 19 23 19 100 59 1013 1008 8 3 3 0010
1 26 19 22 17 94 61 1017 1012 8 5 5 1000
1 30 18 21 18 100 52 1018 1014 8 3 5 1000
1 29 18 22 17 94 45 1017 1012 10 4 5 1000
1 30 17 20 17 95 48 1017 1012 8 5 5 0010
1 29 18 21 18 97 51 1015 1012 7 3 3 0010
1 29 20 22 18 98 50 1015 1011 8 3 5 1000
1 29 19 22 19 97 57 1017 1012 7 4 3 0010 
1 30 20 22 19 95 58 1018 1013 6 3 3 0010 
1 30 19 22 19 100 55 1019 1014 8 2 5 0010
1 26 19 22 18 100 65 1020 1014 10 3 3 1000
1 30 19 21 18 96 52 1018 1013 10 6 11 0010 
1 30 19 22 19 100 52 1016 1012 8 5 3 0001
1 27 19 21 19 97 69 1016 1013 8 4 5 0010 
1 30 18 21 18 100 58 1016 1012 10 3 3 0010
1 29 18 22 17 97 61 1017 1014 8 5 3 0010 
1 30 18 22 18 100 55 1018 1014 10 6 5 0010 
1 31 19 22 18 100 51 1017 1011 10 5 5 0001
1 30 19 22 18 100 44 1016 1010 10 6 5 0010 
1 28 19 24 19 100 59 1014 1010 10 4 6 1000
1 28 20 22 19 94 65 1014 1010 10 6 8 0010 
1 29 19 21 19 100 57 1015 1010 10 3 5 1000
1 29 20 22 19 100 60 1012 1008 10 4 5 1000
1 29 18 21 18 94 57 1012 1008 10 6 6 1000
1 28 19 20 16 90 54 1015 1011 8 4 8 0010
1 28 17 21 15 94 54 1017 1013 8 5 5 1000
1 29 19 22 18 94 56 1018 1015 8 4 3 1000
1 29 18 20 15 96 45 1020 1017 8 4 5 1000
1 30 17 21 16 95 48 1022 1018 8 0 3 1000
1 30 18 21 18 94 49 1023 1018 10 3 5 1000
1 30 18 20 14 97 42 1022 1016 10 5 5 1000
1 29 15 19 12 97 38 1019 1015 10 6 3 1000
1 28 12 16 10 88 37 1021 1016 10 6 3 1000
1 29 13 19 13 95 41 1022 1016 10 6 3 1000
1 30 14 18 14 95 35 1020 1015 10 6 3 1000
1 31 13 18 8 100 27 1020 1016 10 3 5 1000
1 29 13 17 10 94 32 1018 1013 10 6 3 1000
1 29 13 17 11 94 39 1015 1010 10 6 6 1000
1 29 13 17 11 98 36 1016 1012 10 6 2 0010 
1 27 15 17 14 98 36 1021 1016 7 1 3 0010
1 22 15 16 13 94 65 1023 1019 6 3 5 0010 
1 27 13 17 13 100 41 1023 1018 8 3 5 0010 
1 29 11 18 13 96 61 1025 1020 8 3 3 0010 
1 26 14 17 14 100 43 1024 1020 8 1 5 0010
1 25 13 17 13 100 44 1025 1020 8 5 5 1000
1 26 12 17 12 100 41 1024 1019 10 3 3 1000
1 27 13 17 13 100 50 1024 1019 10 3 3 1000
1 28 14 18 14 100 44 1023 1018 10 3 3 1000
1 27 14 17 2 100 22 1020 1016 10 3 3 1000
1 27 14 18 14 95 46 1020 1012 8 2 3 1000
1 27 13 17 13 100 46 1021 1017 8 2 3 1000
1 27 13 16 13 100 45 1021 1016 8 3 5 1000
1 22 13 15 12 100 44 1022 1017 8 3 3 1000
1 26 13 17 12 94 40 1024 1019 8 3 3 1000
1 27 13 16 11 100 39 1024 1019 10 1 5 1000
1 27 12 16 11 100 43 1023 1018 10 3 2 0001
1 25 13 16 12 100 48 1024 1019 7 3 3 0010 
1 17 13 15 11 95 75 1027 1021 8 3 5 1000
1 23 12 13 11 96 44 1025 1020 8 3 3 1000
1 26 10 13 10 100 31 1025 1020 10 5 3 0001
1 26 11 15 11 100 44 1025 1021 10 5 3 1000
1 24 12 14 9 100 43 1025 1020 10 3 5 1000
1 25 11 14 10 100 45 1024 1018 10 3 3 1000
1 24 10 15 10 98 42 1021 1016 10 3 3 1000
1 24 9 13 9 100 36 1021 1016 10 2 3 1000
1 23 9 12 5 96 33 1021 1016 10 3 5 1000
1 23 7 12 6 94 34 1023 1018 10 4 3 1000
1 24 9 12 8 94 41 1026 1020 8 2 5 1000
1 25 9 13 8 100 38 1024 1019 8 2 5 1000
1 23 9 12 9 100 40 1022 1017 8 2 3 1000
1 23 8 12 6 100 35 1021 1016 8 2 2 1000
1 24 9 13 9 100 37 1023 1018 8 3 5 1000
1 24 10 14 10 98 53 1023 1018 6 1 5 0100
1 24 10 13 9 100 38 1020 1015 8 0 3 1000
1 23 9 14 10 100 43 1019 1017 6 2 3 1000
1 22 10 13 10 92 47 1019 1017 3 2 2 1000
1 22 11 15 10 99 49 1010 1010 6 0 0 1000
1 22 8 12 8 99 44 1011 1008 6 2 3 1000
1 24 9 12 9 94 45 1012 1008 5 2 2 1000
1 22 8 13 8 97 47 1014 1011 5 3 0 1000
1 24 8 13 8 96 44 1014 1013 6 3 2 1000
1 22 8 13 8 94 45 1015 1015 6 2 2 1000
1 23 11 13 11 98 50 1015 1017 6 3 0 1000
1 21 10 12 11 94 48 1013 1018 5 2 2 1000
1 23 9 13 10 95 46 1013 1018 6 2 2 1000
1 23 10 12 9 99 39 1013 1016 6 2 0 1000
1 21 9 11 9 88 44 1013 1015 6 2 2 1000
1 20 8 12 8 97 46 1011 1016 5 2 2 1000
1 22 9 11 8 91 67 1011 1016 6 3 0 1000
1 22 7 12 7 96 31 1013 1015 6 2 3 1000
1 21 7 12 6 100 43 1022 1017 7 1 3 1000
1 20 10 12 9 94 52 1022 1018 6 1 3 0100
1 21 7 11 7 100 32 1022 1017 8 0 5 1000
1 22 6 11 5 100 35 1022 1017 8 2 3 1000
1 18 8 11 4 97 42 1023 1018 5 1 3 1000
1 20 8 11 7 100 47 1023 1011 6 1 3 0100
1 20 8 12 8 100 50 1024 1019 6 0 5 1000
1 20 7 11 7 100 40 1023 1017 7 1 5 1000
1 21 6 10 6 100 36 1024 1018 7 1 3 1000
1 20 7 11 7 100 44 1021 1015 7 2 3 1000
1 21 6 9 0 100 22 1020 1014 10 1 6 1000
1 21 6 10 4 92 38 1018 1013 6 1 3 0100
1 19 5 12 5 100 52 1019 1016 5 0 5 1000
1 18 6 8 4 93 35 1019 1015 6 1 5 1000
1 17 3 7 0 100 34 1019 1014 6 1 5 1000
1 17 3 6 2 97 35 1022 1017 6 1 5 0100
1 17 3 7 2 100 32 1022 1016 7 1 3 1000
1 16 2 7 2 100 39 1020 1016 6 1 6 0100
1 17 2 6 2 100 40 1023 1019 7 1 5 0100
1 17 2 6 2 100 41 1023 1018 6 0 5 1000
1 15 3 7 2 100 38 1023 1018 7 1 5 0100
1 16 1 5 -3 100 32 1025 1020 6 1 5 1000
1 17 1 6 -5 100 21 1024 1018 7 1 5 1000
1 16 0 4 -3 100 28 1023 1018 6 1 5 1000
1 17 2 4 -7 94 23 1024 1020 8 1 3 1000
1 17 0 4 -1 96 26 1024 1019 8 1 5 1000
1 19 1 4 -1 95 4 1024 1019 7 1 3 1000
1 19 2 4 -1 94 26 1026 1020 10 2 5 1000
1 19 2 6 1 100 23 1024 1018 10 2 5 1000
1 19 2 7 2 95 29 1024 1019 8 2 3 1000
1 18 4 8 3 100 38 1027 1023 7 1 3 0100
1 19 3 7 3 100 36 1027 1020 10 1 3 1000
1 19 4 8 1 100 32 1024 1019 8 1 3 1000
1 19 3 8 3 100 37 1026 1020 8 1 5 0100
1 19 4 11 4 100 37 1023 1018 7 0 5 1000
1 19 4 9 4 100 30 1024 1018 8 1 5 1000
1 19 4 8 4 100 31 1024 1019 8 1 3 0100
1 19 4 8 3 100 26 1022 1016 10 0 5 1000
1 18 3 8 0 100 29 1018 1013 8 1 5 0100
1 18 3 11 2 100 43 1022 1017 7 0 5 1000
1 18 7 8 4 94 33 1023 1017 5 1 3 0100
1 18 5 8 4 99 45 1022 1016 4 0 5 0100
1 17 6 8 2 97 37 1021 1015 6 1 5 0100
1 18 3 6 2 100 34 1021 1016 6 1 5 0100
1 18 4 8 3 100 37 1020 1014 7 1 5 0100
1 19 2 8 2 100 33 1018 1013 6 0 5 1000
1 19 3 7 1 100 29 1021 1016 6 1 3 0100
1 20 2 8 0 100 21 1020 1014 8 0 5 0010
1 15 3 7 -1 93 34 1020 1015 7 1 3 1000
1 16 5 7 5 93 52 1020 1016 7 1 5 1000
1 14 6 9 5 93 54 1021 1017 7 1 5 0100
1 18 3 8 2 100 40 1022 1018 10 0 3 0100
1 18 2 6 2 100 31 1029 1018 10 1 5 0100
1 19 2 6 2 100 30 1023 1018 8 1 3 0010
1 18 3 12 3 99 42 1020 1015 7 1 5 0010
1 17 2 7 2 100 40 1020 1015 6 0 5 1000
1 16 4 6 0 97 34 1019 1014 8 1 5 0100
1 17 4 6 3 93 39 1020 1015 6 0 5 1000
1 18 3 7 3 93 36 1022 1017 6 1 5 0100
1 19 3 7 3 100 27 1020 1014 7 1 3 0100
1 19 4 9 3 100 41 1019 1015 5 0 5 0100
1 21 3 9 -1 100 17 1021 1016 7 0 5 0100
1 21 3 8 0 95 21 1022 1018 8 1 5 0100
1 21 3 9 2 94 23 1020 1015 6 1 5 0100
1 21 4 9 4 100 30 1022 1017 6 0 5 1000
1 21 4 9 4 100 38 1022 1016 5 1 5 0100
1 19 6 10 5 100 41 1021 1017 6 0 3 0100
1 23 5 9 2 100 23 1024 1018 7 0 3 0001
1 17 9 12 7 100 50 1022 1017 8 1 5 1000
1 21 6 9 6 100 34 1021 1016 7 1 5 0100
1 21 6 16 5 100 33 1019 1014 8 1 5 0100
1 22 5 9 2 100 28 1018 1013 8 0 6 0100
1 23 4 8 0 100 21 1017 1013 10 0 5 1000
1 24 4 7 -7 93 14 1021 1016 10 1 6 1000
1 24 4 8 -5 90 17 1022 1017 10 3 6 1000
1 24 3 6 -7 90 13 1025 1019 10 3 6 1000
1 23 3 12 -4 100 17 1025 1020 10 1 5 1000
1 26 5 10 -3 91 17 1024 1018 10 1 5 1000
1 26 5 14 -1 87 18 1022 1016 10 2 6 1000
1 27 7 15 2 81 21 1021 1015 10 1 5 0010
1 21 11 14 8 85 43 1021 1017 7 1 3 1000
1 27 9 14 -1 100 19 1018 1012 10 2 5 1000
1 27 7 14 1 94 21 1018 1014 10 2 6 1000
1 26 8 14 4 96 31 1019 1014 8 1 8 0001
1 23 8 19 6 92 43 1021 1016 7 1 6 1000
1 24 6 14 6 94 38 1024 1019 7 1 5 1000
1 23 7 14 5 93 38 1027 1021 7 1 5 0001
1 24 8 14 6 96 40 1027 1022 8 1 5 0001
1 23 10 13 8 96 38 1028 1022 7 1 5 0010
1 25 10 16 4 100 29 1028 1021 10 1 5 0001
1 26 8 17 4 96 31 1024 1019 10 2 5 1000
1 25 9 17 3 97 46 1024 1019 7 1 6 1000
1 25 9 16 8 96 41 1024 1018 7 1 5 0001
1 26 11 13 8 94 36 1021 1016 5 1 5 1000
1 26 11 13 5 94 21 1021 1016 6 1 6 0001
1 25 10 12 5 94 23 1024 1017 8 1 5 1000
1 26 8 8 2 100 14 1021 1015 10 3 6 1000
1 27 10 11 2 82 24 1018 1014 10 1 6 1000
1 27 9 11 3 87 20 1018 1014 10 2 6 1000
1 29 9 12 6 87 21 1020 1015 10 1 6 1000
1 29 10 13 5 88 17 1020 1014 10 1 6 0100
1 28 11 13 4 94 24 1018 1015 10 1 8 1000
1 25 13 13 8 83 31 1021 1016 8 2 6 0001
1 22 10 13 9 94 41 1021 1016 10 1 8 1000
1 25 8 11 3 100 28 1021 1015 14 2 5 1000
1 26 7 11 4 88 21 1017 1014 10 3 6 1000
1 25 9 13 8 94 36 1020 1016 10 1 6 1000
1 26 10 12 4 95 27 1019 1013 8 0 8 1000
1 28 9 14 6 88 28 1018 1013 10 1 6 1000
1 28 11 14 7 88 28 1018 1013 7 1 5 1000
1 28 11 15 2 88 28 1016 1010 8 1 6 1000
1 28 8 12 1 76 21 1013 1009 7 2 8 1000
1 26 9 14 7 89 36 1019 1012 4 1 6 1000
1 27 9 14 8 87 38 1023 1018 4 1 6 1000
1 28 11 13 9 94 26 1024 1018 3 1 5 0100
1 29 12 14 10 88 29 1022 1017 4 1 5 0001
1 29 13 17 10 88 41 1021 1018 4 1 5 0001
1 28 12 15 5 82 20 1020 1014 10 1 6 1000
1 27 9 12 7 87 24 1020 1015 8 2 5 0001
1 28 11 14 9 88 29 1021 1017 7 3 6 0001
1 27 12 13 10 94 35 1020 1015 6 1 5 0010
1 26 17 16 14 88 47 1020 1015 7 1 5 1000
1 25 15 17 14 94 50 1018 1013 7 1 6 0001
1 29 15 16 11 100 27 1016 1010 10 1 8 1000
1 31 15 15 4 82 19 1015 1011 10 1 10 1000
1 32 13 13 2 77 4 1017 1013 10 2 5 1000
1 30 12 12 1 71 17 1018 1014 10 3 6 1000
1 31 12 12 -3 72 12 1017 1013 10 2 6 1000
1 32 12 13 -3 67 12 1017 1013 6 1 6 1000
1 32 14 13 2 67 16 1016 1011 7 1 6 1000
1 30 13 16 3 72 18 1012 1008 6 1 6 1000
1 30 12 16 7 72 23 1011 1006 6 1 6 1000
1 30 14 14 6 72 26 1013 1010 8 2 8 1000
1 31 14 17 11 72 34 1016 1012 6 2 10 0001
1 30 15 19 10 86 32 1015 1009 6 1 6 1000
1 28 17 19 16 90 50 1016 1012 6 1 5 0001
1 33 16 18 3 96 18 1018 1011 10 1 6 1000
1 32 13 17 8 94 25 1017 1012 10 3 10 1000
1 33 15 19 7 82 21 1016 1011 10 2 5 1000
1 32 17 18 9 78 25 1013 1008 8 2 6 1000
1 33 15 19 -2 79 12 1011 1006 10 3 8 0001
1 33 14 16 4 72 19 1010 1005 10 3 8 1000
1 32 13 14 -2 82 16 1011 1006 10 3 6 1000
1 31 12 13 1 58 15 1016 1009 7 2 8 1000
1 34 13 13 -1 63 12 1018 1014 7 1 8 1000
1 33 13 12 -1 63 11 1016 1013 8 1 5 1000
1 32 14 12 0 72 12 1016 1012 10 2 8 1000
1 33 13 11 -6 59 6 1016 1013 10 1 8 1000
1 33 13 9 -8 59 8 1016 1012 10 2 8 1000
1 33 14 14 0 64 14 1015 1010 7 3 8 1000
1 31 16 19 12 80 37 1017 1012 7 1 6 0001
1 29 17 19 9 88 41 1017 1013 6 1 6 0001
1 29 14 16 10 94 39 1018 1014 7 3 6 0001
1 27 14 17 12 94 42 1020 1014 8 2 3 0001
1 28 15 18 11 94 39 1018 1013 10 2 6 0001
1 28 14 19 11 94 39 1018 1014 10 3 6 1000
1 30 14 21 12 90 37 1019 1014 10 3 6 1000
1 30 15 21 14 95 42 1019 1014 10 3 6 0001
1 29 17 22 15 94 45 1019 1015 8 1 6 0001
1 28 16 22 15 94 54 1019 1013 10 3 5 0001
1 26 17 17 12 100 44 1016 1010 10 1 5 0001
1 27 16 19 15 94 57 1015 1010 8 4 6 0001
1 28 17 23 17 100 58 1016 1012 8 2 3 0001
1 30 18 24 17 96 51 1016 1011 8 1 5 0001
1 31 18 24 16 99 45 1014 1008 8 3 6 0001
1 32 15 23 8 97 40 1014 1007 10 3 6 1000
1 31 14 22 9 95 18 1014 1008 10 3 5 0001
1 29 17 21 16 94 50 1014 1009 8 3 8 0001
1 28 17 21 8 95 30 1014 1008 10 3 6 0010
1 27 17 20 15 94 57 1011 1006 10 3 3 1000
1 28 17 19 16 94 48 1010 1005 11 3 6 0001
1 30 20 21 17 88 48 1012 1008 10 5 8 0001
1 29 18 19 14 94 38 1012 1007 10 6 6 0001
1 27 16 17 12 94 40 1009 1004 10 5 6 0001
1 28 15 17 4 95 26 1011 1007 10 6 5 0010
1 28 16 18 16 94 48 1012 1009 8 5 6 0001
1 26 18 20 15 94 51 1014 1010 10 5 5 0010
1 22 17 18 16 94 66 1014 1009 10 3 5 1000
1 28 14 18 14 100 41 1013 1010 10 2 5 0001
1 28 16 19 14 97 47 1015 1010 10 2 6 0010
1 28 17 19 15 94 54 1015 1011 10 5 5 0001
1 29 19 21 18 89 54 1015 1011 10 2 5 0001
1 31 19 22 18 97 47 1016 1011 8 4 5 1000
1 28 13 22 18 94 58 1017 1013 8 4 6 0010
1 29 19 21 18 94 59 1018 1013 10 4 3 0001
1 28 19 22 18 94 54 1016 1012 8 2 3 0001
1 30 19 22 15 100 42 1016 1010 8 3 5 0001
1 30 18 21 15 100 38 1015 1008 10 6 6 0001
1 29 19 22 17 95 53 1012 1007 10 6 6 0001
1 29 19 20 2 100 14 1011 1007 10 4 6 0001
1 30 18 22 18 94 51 1010 1006 8 4 5 0001
1 29 17 22 18 100 54 1010 1006 10 3 6 0010
1 29 20 23 19 100 56 1010 1006 10 4 6 0001
1 31 21 22 19 94 54 1009 1005 7 4 5 0001
1 28 20 23 19 95 65 1010 1006 7 3 6 0001
1 26 20 22 19 100 69 1012 1008 8 5 6 0001
1 30 19 22 19 100 59 1013 1008 10 3 6 0001
1 30 20 22 19 95 60 1015 1011 8 6 3 0001
1 29 21 23 19 99 65 1015 1011 10 5 5 0001
1 28 20 22 20 100 69 1014 1010 7 2 6 0001
1 26 20 23 19 100 70 1013 1010 7 1 3 0010
1 25 19 22 19 100 73 1014 1011 8 4 3 1000
1 28 19 22 19 100 65 1013 1007 8 4 5 0001
1 27 20 23 20 96 69 1012 1008 8 5 5 0001
1 29 21 23 20 100 56 1014 1011 8 5 5 0001
1 31 21 24 19 100 54 1015 1009 10 3 6 0010
1 31 20 23 19 100 57 1014 1008 10 5 5 0001
1 31 22 27 20 94 58 1014 1010 10 3 8 0001
1 31 21 25 20 100 58 1016 1010 10 1 8 0001
1 28 20 23 19 100 70 1013 1008 10 3 5 0001
1 22 20 21 20 100 92 1010 1007 7 1 5 0010
1 27 19 23 20 100 70 1010 1007 8 4 5 0001
1 30 20 24 20 100 62 1010 1005 10 1 5 0010
1 30 20 25 20 100 69 1009 1003 10 5 5 1000
1 28 21 24 20 100 65 1007 1003 10 6 6 0010
1 29 21 24 20 98 70 1009 1005 8 6 5 0001
1 30 21 23 20 97 58 1010 1006 8 5 5 0010
1 30 21 24 20 95 65 1009 1005 8 6 5 0010
1 30 21 24 20 98 62 1009 1005 8 4 5 0010
1 30 20 23 20 100 60 1008 1004 10 6 5 0010
1 28 21 23 20 100 70 1010 1006 8 6 3 0010
1 30 21 26 20 100 62 1011 1008 10 6 5 0010
1 29 20 25 20 96 61 1011 1007 11 6 8 0001
1 29 20 23 20 100 64 1010 1006 10 5 6 0010
1 29 21 23 21 100 70 1011 1007 8 2 6 0001
1 28 21 22 21 100 70 1012 1009 8 1 3 0010
1 27 21 23 20 100 74 1013 1010 8 3 5 0010
1 27 20 23 20 100 71 1012 1008 8 6 3 0010
1 30 21 24 21 97 67 1010 1006 8 4 5 0010
1 26 21 23 21 100 73 1011 1007 8 6 5 0010
1 25 21 23 20 100 78 1012 1009 7 2 5 0010
1 23 20 21 20 100 83 1013 1010 7 2 5 0010
1 29 19 22 19 100 61 1014 1010 8 3 3 0010
1 29 19 22 19 100 59 1014 1010 10 4 5 0010
1 26 20 22 19 100 74 1016 1011 7 2 5 0010
1 26 19 23 19 100 74 1017 1013 7 0 5 0001
1 28 20 22 18 99 62 1017 1014 8 6 6 0010
1 26 20 22 20 100 72 1015 1010 7 6 3 0010
1 27 19 21 19 100 65 1014 1009 8 6 3 0010
1 26 19 22 19 100 65 1014 1009 8 4 3 0010
1 25 20 22 19 100 72 1014 1009 8 3 3 0010
1 28 20 22 19 100 60 1012 1008 8 4 5 0010
1 29 19 21 19 100 61 1012 1006 8 5 5 0001
1 29 19 22 19 100 60 1011 1006 8 6 5 0001
1 31 19 24 20 100 60 1011 1007 8 6 5 0001
1 31 21 23 21 100 62 1013 1008 8 4 5 0001
1 29 20 22 20 100 51 1013 1008 8 6 5 0010
1 31 21 23 20 96 48 1013 1009 10 6 6 0001
1 30 21 22 20 100 52 1013 1009 8 5 6 0001
1 29 19 23 20 94 61 1012 1007 8 6 6 0001
1 28 21 22 20 100 63 1013 1009 8 4 5 0010
1 28 20 22 19 100 58 1013 1010 8 6 5 0010
1 28 20 22 20 100 65 1013 1009 8 3 5 0001
1 29 21 23 20 100 59 1012 1008 8 6 3 0010
1 29 21 23 19 100 60 1011 1007 8 5 6 0001
1 30 21 24 20 94 65 1010 1004 8 4 5 0001
1 30 20 23 19 100 53 1010 1003 8 0 5 1000
1 29 19 22 19 100 53 1010 1006 10 5 5 0001
1 30 21 22 20 95 47 1011 1006 8 6 3 0010
1 31 18 24 19 100 63 1012 1008 10 6 6 0001
1 30 19 24 20 95 60 1012 1008 10 6 6 0001
1 31 19 23 19 100 51 1014 1009 8 3 6 0010
1 27 20 22 19 100 65 1014 1011 8 0 5 1000
1 28 19 22 19 100 58 1015 1011 10 6 8 0010
1 31 21 23 19 96 51 1015 1012 8 6 6 0001
1 32 18 23 18 94 45 1016 1011 10 6 5 0001
1 29 19 22 18 100 57 1018 1014 10 6 6 0001
1 32 21 22 19 100 42 1018 1013 10 6 5 0001
1 31 20 22 19 94 53 1018 1014 10 6 6 0001
1 29 19 22 19 100 56 1015 1010 8 6 5 0001
1 29 20 22 19 94 64 1017 1010 8 5 5 0001
1 30 19 23 19 100 53 1014 1010 10 1 6 0001
1 30 20 22 20 96 55 1014 1007 8 6 5 0001
1 30 20 23 19 100 57 1011 1005 10 5 6 0010
1 28 19 23 19 100 64 1010 1006 10 3 5 0010
1 26 19 22 19 100 70 1013 1009 8 3 5 1000
1 29 20 24 20 100 60 1012 1009 8 5 5 0001
1 28 20 22 20 96 66 1014 1011 8 3 5 0001
1 29 21 23 20 100 64 1014 1010 8 5 3 1000
1 29 20 22 19 97 55 1015 1011 10 6 3 0010
1 29 20 22 19 94 60 1016 1012 8 6 5 0010
1 26 21 22 20 100 78 1016 1011 8 2 3 0001
1 27 20 21 18 100 61 1016 1011 8 1 5 0010
1 21 19 20 18 100 86 1018 1012 8 1 3 0010
1 25 18 21 18 100 65 1019 1014 8 5 3 0010
1 30 19 21 18 100 46 1018 1013 8 5 3 0001
1 29 19 21 18 100 52 1017 1012 10 5 5 0001
1 30 20 22 19 100 55 1016 1010 10 4 5 0010
1 29 20 22 18 100 63 1015 1011 8 6 5 0001
1 28 18 21 18 100 54 1017 1012 10 0 5 0001
1 30 19 22 18 94 52 1016 1010 10 6 5 0001
1 29 19 22 19 100 58 1015 1010 8 6 5 0001
1 26 18 21 17 100 61 1020 1015 10 3 5 0001
1 28 18 20 17 94 54 1020 1014 10 6 5 0001
1 28 18 22 18 99 61 1016 1011 10 6 5 0001
1 24 18 21 18 100 78 1015 1011 8 3 2 0010
1 23 18 21 17 100 73 1016 1011 8 4 5 1000
1 27 17 20 17 100 54 1017 1012 8 6 3 1000
1 30 19 21 18 94 45 1017 1012 10 6 3 0010
1 25 18 20 17 94 69 1017 1013 8 6 3 0010
1 25 19 20 18 100 66 1017 1012 7 4 2 0001
1 29 18 21 18 100 53 1017 1012 8 5 5 0001
1 29 19 21 19 100 55 1020 1015 10 5 5 0001
1 31 19 21 18 100 51 1021 1016 8 3 3 0001
1 30 19 22 18 100 49 1019 1013 8 2 6 0010
1 29 19 21 19 100 53 1017 1012 10 4 3 0010
1 28 19 21 18 100 58 1017 1011 7 0 5 1000
1 28 19 20 18 96 57 1018 1013 8 3 5 0001
1 28 18 20 17 94 57 1018 1013 8 6 5 1000
1 28 19 22 17 100 54 1018 1013 8 5 5 0010
1 27 19 20 18 100 54 1016 1011 8 5 5 0001
1 29 18 19 17 95 46 1015 1011 10 6 5 0001
1 28 16 19 1 100 28 1015 1011 10 0 6 1000
1 28 17 19 14 97 40 1015 1011 10 6 5 0010
1 28 16 19 16 100 49 1017 1013 10 6 5 0010
1 26 17 19 14 97 53 1019 1015 8 6 6 1000
1 26 17 18 16 94 53 1020 1016 7 3 3 1000
1 28 16 18 11 100 28 1021 1017 8 3 3 1000
1 28 15 18 14 94 47 1020 1014 8 4 5 0010
1 27 14 20 13 100 40 1019 1014 8 4 3 1000
1 25 14 17 11 100 44 1019 1013 10 4 5 1000
1 26 13 15 8 100 34 1017 1012 10 6 5 1000
1 27 12 15 10 100 33 1017 1013 10 5 5 1000
1 26 12 16 12 95 40 1018 1014 10 5 3 1000
1 26 12 16 11 95 39 1017 1013 8 3 3 1000
1 27 0 17 12 100 46 1017 1013 7 2 5 1000
1 27 13 15 9 100 30 1018 1013 10 0 5 1000
1 26 12 16 10 97 40 1021 1016 10 5 3 1000
1 26 12 16 10 94 39 1023 1019 10 6 5 1000
1 24 11 13 8 100 38 1022 1017 8 6 5 1000
1 24 12 13 9 94 38 1022 1018 10 6 5 1000
1 26 11 14 8 94 36 1024 1020 10 6 6 1000
1 25 11 14 8 100 38 1027 1022 10 3 5 1000
1 26 10 14 9 98 31 1025 1020 10 6 5 1000
1 26 10 20 9 95 35 1025 1020 10 6 5 1000
1 26 10 13 7 98 26 1026 1021 10 6 5 1000
1 26 9 12 4 94 26 1022 1016 10 7 5 1000
1 24 8 12 6 97 33 1019 1013 10 6 5 1000
1 24 9 13 6 96 35 1018 1014 10 0 3 1000
1 23 9 12 7 100 36 1019 1015 10 4 5 1000
1 23 8 12 6 96 33 1021 1017 10 4 5 1000
1 24 8 13 6 97 35 1023 1018 10 5 5 1000
1 25 9 14 8 97 43 1022 1017 10 4 3 1000
1 24 10 13 10 100 41 1023 1018 8 2 5 1000
1 24 9 13 7 96 30 1023 1019 10 5 3 1000
1 24 9 14 9 94 46 1024 1020 10 3 5 0100
1 24 8 12 4 100 32 1023 1018 14 0 5 1000
1 24 6 11 -2 97 19 1023 1018 10 5 5 1000
1 23 6 10 1 100 25 1024 1019 8 3 3 1000
1 23 6 12 6 100 38 1024 1019 8 3 3 1000
1 22 7 11 5 100 37 1022 1016 7 4 5 1000
1 21 8 11 6 100 38 1020 1015 10 2 3 1000
1 21 8 12 7 100 40 1022 1016 7 3 5 1000
1 22 11 11 4 94 33 1021 1015 8 4 5 1000
1 23 9 13 8 94 41 1020 1014 7 2 5 1000
1 22 8 13 8 100 39 1020 1016 8 2 3 1000
1 22 8 13 7 100 40 1021 1016 7 2 5 1000
1 21 8 12 7 100 49 1019 1013 6 1 5 1000
1 21 8 12 8 100 46 1021 1015 7 1 3 1000
1 22 8 12 7 100 43 1021 1015 7 1 3 1000
1 21 9 11 8 100 45 1021 1016 8 3 3 1000
1 22 8 12 7 100 40 1023 1019 8 0 5 1000
1 22 8 13 8 96 44 1025 1020 10 3 3 1000
1 22 8 12 7 100 40 1025 1019 7 4 3 1000
1 21 9 12 7 100 43 1025 1019 8 2 3 1000
1 21 8 12 8 100 43 1026 1022 8 1 3 1000
1 22 7 11 5 100 42 1025 1021 8 3 3 1000
1 22 6 10 0 100 31 1024 1019 6 3 5 1000
1 21 6 11 4 98 31 1025 1020 7 2 3 1000
1 22 5 9 1 99 18 1024 1019 8 3 3 1000
1 22 4 10 -6 100 15 1023 1018 8 3 5 1000
1 22 4 8 1 98 23 1020 1015 8 3 5 1000
1 22 4 8 -1 96 22 1021 1015 10 4 3 1000
1 22 5 9 4 100 31 1020 1015 8 3 5 1000
1 21 5 11 4 96 33 1020 1015 8 3 5 1000
1 20 5 12 4 99 37 1020 1016 6 3 5 1000
1 19 5 11 5 100 46 1022 1017 8 2 5 1000
1 19 7 13 6 93 41 1021 1017 8 3 3 1000
1 20 5 14 4 99 33 1024 1018 7 3 5 1000
1 19 5 15 5 100 43 1023 1018 8 2 3 1000
1 20 5 11 5 100 40 1024 1019 10 2 3 1000
1 19 5 10 4 100 43 1022 1017 8 3 5 0100
1 19 6 11 5 100 45 1020 1015 7 1 5 1000
1 20 7 11 2 100 22 1021 1016 8 1 3 1000
1 21 7 11 7 95 46 1022 1018 7 1 3 1000
1 20 8 12 7 100 41 1020 1016 8 2 3 1000
1 21 6 10 7 100 37 1020 1015 8 2 3 0001
1 21 6 10 6 100 43 1022 1015 10 3 5 1000
1 19 6 9 3 93 37 1020 1016 7 2 5 1000
1 19 5 9 4 100 40 1023 1018 7 1 3 1000
1 19 4 10 4 100 37 1022 1016 8 1 5 0100
1 18 4 9 4 100 41 1024 1018 6 0 5 0100
1 20 5 9 4 100 37 1024 1020 10 1 5 0010
